node	GIN	LBR	SLE
root	0.9916081461034849	0.003649591689163963	0.004742262207351077
n0	0.9991798886668078	0.0003565378226947636	0.0004635735104973894
n32	0.9998468002771822	7.152600953730867e-05	8.167371328055166e-05
n00	0.9990705116506742	0.0004040380019363151	0.0005254503473895903
n2	0.9999676785547458	1.4047731306304264e-05	1.8273713947988917e-05
n3232	0.9999925187130582	3.3562135365566918e-06	4.125073405233742e-06
n777	0.9997902552545863	0.00020503229217427255	4.712453239362316e-06
n1	0.9999910905167664	3.872249481294769e-06	5.0372337523041935e-06
149	1.0	0.0	0.0
n22	0.9999964122479266	1.5593124756060935e-06	2.028439597823292e-06
n55	0.9999973336654376	1.158835882590342e-06	1.5074986796634124e-06
n3333	0.999998636064066	5.96178807165478e-07	7.677571267482876e-07
n48	0.9999934581818446	1.4431108060326809e-06	5.098707349380442e-06
n777777	0.9933684242191709	0.006591268285589753	4.030749523941442e-05
n780780	0.9999960210283317	3.5791858152361035e-06	3.997858530810561e-07
n11	0.9999993551708912	2.802543992786763e-07	3.6457470938296967e-07
461	1.0	0.0	0.0
n3	0.999984440598581	6.762396031570994e-06	8.79700538733383e-06
n4	0.9999983699975392	7.084280725362151e-07	9.215743882672739e-07
n6	0.9999995520436528	1.9467660801891731e-07	2.532797393139821e-07
473	1.0	0.0	0.0
n34	0.9999845546065659	6.713615943223229e-06	8.731777490829281e-06
n39	0.9999774749406299	9.78999797334253e-06	1.2735061396707441e-05
n4848	0.9999555859644337	1.9399757180481062e-06	4.247405984822366e-05
443	1.0	0.0	0.0
n778	0.9999278860709546	7.121591296091536e-05	8.980160845404692e-07
389	0.0	1.0	0.0
375	1.0	0.0	0.0
n781	0.9999992603778152	3.5729462514732946e-07	3.823275596719309e-07
482	1.0	0.0	0.0
472	1.0	0.0	0.0
n33	0.9999968348024919	1.3756511327260849e-06	1.7895463753652389e-06
492	1.0	0.0	0.0
n44	0.9999995292699514	2.0458765102113454e-07	2.661423976089152e-07
n5	0.9999983059779978	7.362520900582181e-07	9.577699122192874e-07
n66	0.9999997859181187	9.203748160887395e-08	1.220443997539412e-07
476	1.0	0.0	0.0
n3434	0.9999929325990563	3.0716202379633517e-06	3.995780705693015e-06
n36	0.9999974377997305	1.1135789798321193e-06	1.4486212897039037e-06
n3939	0.9999764135375392	1.0251106473826142e-05	1.3335355987043173e-05
n4040	0.9999967713152049	1.4032440536837714e-06	1.8254407414885438e-06
n49	0.9941079384568735	0.00012225525607421924	0.005769806287052258
387	1.0	0.0	0.0
376	1.0	0.0	0.0
n778778	0.9999981303437347	1.5118626225674829e-06	3.5779364264681745e-07
390	1.0	0.0	0.0
n781781	0.9999992967416915	3.0636991746626016e-07	3.968883910429905e-07
508	1.0	0.0	0.0
509	1.0	0.0	0.0
449	1.0	0.0	0.0
463	1.0	0.0	0.0
505	1.0	0.0	0.0
467	1.0	0.0	0.0
n7	0.9999993701231072	1.1228237340876315e-07	5.175945193545466e-07
n30	0.9999997551170892	1.0642321324671885e-07	1.3845969758540908e-07
n35	0.9999991246992959	3.8042128107470037e-07	4.948794230100842e-07
393	1.0	0.0	0.0
n3636	0.9999989066588362	4.751855268648956e-07	6.181556370214943e-07
n3737	0.9999990734120692	4.0271162309336484e-07	5.238763076377812e-07
391	1.0	0.0	0.0
n40	0.999998880427721	4.865860352308326e-07	6.329862437499738e-07
n41	0.9999977863395564	9.620962035810777e-07	1.251564240042379e-06
n4747	0.999997042721147	1.2852859999082566e-06	1.671992853162695e-06
n4949	0.016471818036234553	0.01402591823263209	0.9695022637311334
377	1.0	0.0	0.0
n779	0.9999991340148423	3.7902045562288513e-07	4.869647019887187e-07
n780	0.9999993174570587	3.076708385591048e-07	3.74872102762563e-07
n782	0.9999988421981174	5.032196006563084e-07	6.545822819183355e-07
378	1.0	0.0	0.0
n77	0.9999994322152791	2.441272681881591e-07	3.236574527231057e-07
n27	0.9999291656474633	1.1709267579946867e-06	6.966342577878572e-05
n3030	0.9999994049944857	2.5859985272386006e-07	3.364056615674695e-07
n3131	0.9999992224046572	3.3795663886873327e-07	4.3963870381881224e-07
395	1.0	0.0	0.0
n3535	0.999999413204078	2.550319440600831e-07	3.31763977932099e-07
383	1.0	0.0	0.0
n37	0.9999978706655087	9.254466398075191e-07	1.2038878513947708e-06
384	1.0	0.0	0.0
n38	0.9999983992983695	6.956933973686636e-07	9.050082331377562e-07
379	1.0	0.0	0.0
380	1.0	0.0	0.0
413	1.0	0.0	0.0
n4141	0.9999977034047073	9.98141158179797e-07	1.2984541345072328e-06
412	1.0	0.0	0.0
408	1.0	0.0	0.0
n50	0.008053025597390287	0.02292622907684694	0.9690207453257627
921	0.0	0.0	1.0
n779779	0.9999996009888632	1.7344772385341289e-07	2.2556341294814778e-07
396	1.0	0.0	0.0
388	1.0	0.0	0.0
374	1.0	0.0	0.0
n782782	0.9999950426548206	2.15455267668185e-06	2.8027925027736987e-06
n787	0.9999970665716458	1.2749202201984697e-06	1.6585081340248438e-06
n8	0.9999895969219829	4.520743710888519e-06	5.8823343062121844e-06
477	1.0	0.0	0.0
n2727	0.9999985953447962	3.992637223636337e-07	1.0053914814051012e-06
n28	0.9940984148319734	6.386753154996625e-05	0.005837717636476594
n31	0.9999987505039498	5.430532021051588e-07	7.064428481347772e-07
490	1.0	0.0	0.0
469	1.0	0.0	0.0
478	1.0	0.0	0.0
394	1.0	0.0	0.0
441	1.0	0.0	0.0
385	1.0	0.0	0.0
381	1.0	0.0	0.0
n3838	0.9999978793562808	9.216694750357773e-07	1.1989742441752334e-06
386	1.0	0.0	0.0
n42	0.9999994172249018	2.532844220146088e-07	3.2949067608704517e-07
411	1.0	0.0	0.0
n5050	0.0029569902174659602	0.00017829841785487323	0.9968647113646792
n776776	0.000953640493711938	0.9334505611206505	0.06559579838563757
397	1.0	0.0	0.0
392	1.0	0.0	0.0
n783	0.9999968698918391	1.3604006837651697e-06	1.7697074770822334e-06
399	1.0	0.0	0.0
398	1.0	0.0	0.0
n787787	0.9999995001893723	2.1722658793113742e-07	2.825840396824895e-07
n88	0.9999716108166617	1.2338186017250695e-05	1.605099732105777e-05
144	1.0	0.0	0.0
481	1.0	0.0	0.0
507	1.0	0.0	0.0
145	1.0	0.0	0.0
n2828	0.7972608208244695	0.0006146194856862501	0.20212455968984425
498	1.0	0.0	0.0
480	1.0	0.0	0.0
382	1.0	0.0	0.0
442	1.0	0.0	0.0
n4242	0.9999997045150322	1.2842302212774934e-07	1.6706194581384678e-07
n46	0.9999984092142031	6.913837987220051e-07	8.994019982162479e-07
n51	0.006646369527547974	3.946887508319873e-05	0.9933141615973687
n773	0.0009211229644212921	6.997852182682086e-06	0.999071879183396
426	0.0	1.0	0.0
434	0.0	1.0	0.0
n783783	0.9999993072357806	3.0108765031399236e-07	3.9167656909867994e-07
402	1.0	0.0	0.0
n788	0.9999989965830834	4.361028372162002e-07	5.673140792892937e-07
401	1.0	0.0	0.0
n9	0.999994603108301	2.345584910245092e-06	3.0513067887966937e-06
n23	0.9999530060492919	2.0424401954769124e-05	2.6569548753338762e-05
n29	0.1811046824902231	0.0005634821461519993	0.8183318353636249
179	1.0	0.0	0.0
n43	0.9999982026143195	7.811757824158612e-07	1.016209898122722e-06
n45	0.9999989338605872	4.6336314952361335e-07	6.027762631286276e-07
n4646	0.9999994769881514	2.273102509138737e-07	2.957015976725033e-07
308	1.0	0.0	0.0
n5151	0.0027440688085399864	1.7563676568515e-06	0.9972541748238031
n770	0.34777524242596225	2.8259558064305706e-05	0.6521964980159735
n773773	1.0818970512886605e-05	1.5934029636006265e-05	0.999973246999851
n776	0.006311167850500018	2.149093893776057e-05	0.9936673412105622
406	1.0	0.0	0.0
n784	0.9999994729480542	2.290661489913983e-07	2.979857967537314e-07
400	1.0	0.0	0.0
430	1.0	0.0	0.0
n99	0.9999997482852415	1.0939970934420977e-07	1.423150491085609e-07
152	1.0	0.0	0.0
236	1.0	0.0	0.0
n2323	0.9999935391725128	2.8079904204588255e-06	3.652837066777223e-06
n2929	0.0015428900328524862	3.8067875874941124e-05	0.9984190420912726
1221	0.0	0.0	1.0
n4343	0.9999993248374438	2.9343765434175564e-07	3.817249017907488e-07
n4444	0.999997989671503	8.737245175758163e-07	1.1366039795129943e-06
n4545	0.9999372119266942	2.7288813314851732e-05	3.549925999090024e-05
419	1.0	0.0	0.0
n47	0.9999995191909826	2.089681498963947e-07	2.7184086744263777e-07
417	1.0	0.0	0.0
n52	0.004740875900334506	1.7167338789748957e-05	0.9952419567608757
422	0.0	0.0	1.0
n770770	0.3509100348142119	3.225393921148798e-05	0.6490577112465767
n772772	0.9760120004332157	0.00010907356198626936	0.02387892600479802
n774	3.144628059057525e-05	0.0010723074988395252	0.9988962462205698
n775775	4.342601414477512e-07	2.158625324254732e-07	0.9999993498773262
415	1.0	0.0	0.0
919	0.0	0.0	1.0
n784784	0.9999990150714126	4.280674805268651e-07	5.568611067672014e-07
405	1.0	0.0	0.0
n10	0.9999997686213973	1.00561255673859e-07	1.308173470040027e-07
n12	0.9999991980033484	3.4856200792126757e-07	4.5343464375697785e-07
n24	0.9999831893134281	7.306223321114164e-06	9.504463250799284e-06
n25	0.9999916120156958	3.6455671543701157e-06	4.7424171497876305e-06
1500	0.0	0.0	1.0
1503	0.0	0.0	1.0
416	1.0	0.0	0.0
432	1.0	0.0	0.0
515	1.0	0.0	0.0
514	1.0	0.0	0.0
302	0.975365417448551	0.01070662769125312	0.013927954860195855
420	1.0	0.0	0.0
425	1.0	0.0	0.0
418	1.0	0.0	0.0
n5252	0.004192799822066176	1.9727484535984024e-05	0.9957874726933978
454	1.0	0.0	0.0
n771	0.9916960782699608	2.538372690605695e-05	0.008278538003133171
920	0.0	0.0	1.0
414	1.0	0.0	0.0
437	1.0	0.0	0.0
n774774	2.8184693212871236e-07	4.012994012414987e-06	0.9999957051590553
428	0.0	1.0	0.0
914	0.0	0.0	1.0
431	0.0	0.0	1.0
n785	0.9999997837425537	9.39893322393283e-08	1.2226811415500836e-07
421	1.0	0.0	0.0
n1010	0.9999994459046637	2.408196874572608e-07	3.1327564879222256e-07
147	1.0	0.0	0.0
n1212	0.9999994536144586	2.3746887346478287e-07	3.0891666785291826e-07
n13	0.9999990469927508	4.141938992840035e-07	5.388133499133962e-07
n2424	0.9999978601752852	9.300058767614381e-07	1.2098188379637315e-06
165	1.0	0.0	0.0
n2525	0.9999980754244969	8.364547413421657e-07	1.0881207618328867e-06
161	1.0	0.0	0.0
n53	2.6038276862228886e-05	2.6106056811207615e-07	0.9999737006625697
n769769	0.9997135415529516	2.190966121910865e-05	0.00026454878582933886
n771771	0.997031260718933	2.3800190914802504e-05	0.002944939090152206
n772	0.9976811629230706	2.231068801177081e-05	0.002296526388917488
n775	3.4918231809340375e-07	2.0161504462761562e-07	0.9999994492026373
899	0.0	0.0	1.0
404	1.0	0.0	0.0
n785785	0.9999995873804141	1.7933181026430703e-07	2.3328777560828098e-07
234	1.0	0.0	0.0
n1111	0.9999992513239161	3.253879408848535e-07	4.232881429508213e-07
231	1.0	0.0	0.0
153	1.0	0.0	0.0
n1313	0.9999991983418354	3.4841489543577294e-07	4.532432691400886e-07
157	1.0	0.0	0.0
163	1.0	0.0	0.0
168	1.0	0.0	0.0
n26	0.9999984587196036	6.698678712312651e-07	8.714125251994178e-07
n2626	0.9999997661832467	1.0162091934276627e-07	1.3219583404532966e-07
n5353	1.4325867705928714e-07	1.311496409777906e-07	0.9999997255916819
n769	5.539099074025587e-07	1.7119908109429393e-07	0.9999992748910116
217	1.0	0.0	0.0
203	1.0	0.0	0.0
317	1.0	0.0	0.0
278	1.0	0.0	0.0
315	1.0	0.0	0.0
275	1.0	0.0	0.0
424	0.0	0.0	1.0
917	0.0	0.0	1.0
n786	0.9999996170227833	1.6644870942620688e-07	2.1652850722735085e-07
410	1.0	0.0	0.0
232	1.0	0.0	0.0
154	1.0	0.0	0.0
n14	0.9999989558388638	4.53810999665393e-07	5.903501364452642e-07
155	1.0	0.0	0.0
212	1.0	0.0	0.0
211	1.0	0.0	0.0
176	1.0	0.0	0.0
238	1.0	0.0	0.0
n54	5.049050755091937e-07	3.31596294941958e-05	0.9999663354654303
n107	9.301660063638492e-08	1.650054937889275e-07	0.9999997419779056
937	0.0	0.0	1.0
947	0.0	0.0	1.0
409	1.0	0.0	0.0
n786786	0.9999996374203709	1.5758355511856422e-07	2.0499607399196433e-07
n1414	0.9999997215030066	1.2103974625813388e-07	1.5745724711713862e-07
237	1.0	0.0	0.0
n5454	1.3770004945849638e-07	1.5567210287161783e-07	0.9999997066278475
n8888	4.56263110836514e-05	0.0072098933639422585	0.9927444803249741
n107107	4.2471052935448616e-07	3.574267841416939e-05	0.9999638326110565
n119	1.9795165715963937e-07	4.056968937703985e-06	0.9999957450794051
407	1.0	0.0	0.0
403	1.0	0.0	0.0
n15	0.9999990220990645	4.2501313804391656e-07	5.528877973875824e-07
n1616	0.9999988859248118	4.841968900640126e-07	6.29878298072158e-07
n5555	1.3494315347147735e-07	5.148104667527115e-08	0.9999998135757998
n60	8.3663552823794e-08	3.96384017528568e-08	0.9999998766980455
n89	0.00011911551951064827	0.9808160441456345	0.019064840334854904
911	0.0	0.0	1.0
n108	2.2666002431237238e-05	0.0012384185568970678	0.9987389154406717
n110110	9.019757379433637e-07	8.236279578936269e-05	0.9999167352284728
n119119	6.158454093016886e-08	5.307202006681706e-07	0.9999994076952584
n714714	3.8745136773410566e-05	0.0014836631315272978	0.9984775917316994
n1515	0.999999567480614	1.8798061727556135e-07	2.44538768649321e-07
247	1.0	0.0	0.0
n17	0.9999992771278979	3.1417307146596827e-07	4.086990305305858e-07
177	1.0	0.0	0.0
n56	1.6301646500475329e-07	6.17341876233125e-08	0.9999997752493474
n58	1.3871966484741248e-07	5.253474052881163e-08	0.9999998087455947
n6060	2.3179108883497063e-07	1.3150794039797222e-07	0.9999996367009708
n8686	2.588230674170413e-07	1.800888857517002e-06	0.999997940288075
n8989	1.4093933694435386e-06	0.9999847464572063	1.384414942434853e-05
n90	8.540815371479976e-06	0.9993469705429838	0.0006444886416448266
901	0.0	0.0	1.0
n108108	0.0002574224333788635	0.9857507509932432	0.013991826573378085
936	0.0	0.0	1.0
n111	3.600278050134464e-05	0.0058108545566099195	0.9941531426628888
n120	1.2756973461371323e-07	4.576792578012746e-06	0.9999952956376874
n704704	4.2837209434169197e-07	6.346961056913503e-05	0.9999361020173365
n715	1.7370198767118695e-05	0.9993161499359107	0.0006664798653220961
n768768	1.1383237176035638e-06	1.5622032399161425e-05	0.9999832396438832
n16	0.9999995485461625	1.9620986669649968e-07	2.552439708636241e-07
172	1.0	0.0	0.0
n1717	0.9999995178326151	2.0955852059581053e-07	2.7260886430302764e-07
n2121	0.9999995688359694	1.8739155573683837e-07	2.4377247483974793e-07
956	0.0	0.0	1.0
n5656	1.707955525414272e-07	6.467890121615782e-08	0.9999997645255462
n5858	3.256725470968233e-07	1.2332959849533878e-07	0.9999995509978545
941	0.0	0.0	1.0
n61	6.538896230781616e-06	7.334456981220811e-06	0.999986126646788
942	0.0	0.0	1.0
n87	5.6758972427318743e-05	0.0007855770967653165	0.9991576639308073
913	0.0	0.0	1.0
889	0.0	1.0	0.0
324	0.0	1.0	0.0
n9090	4.3992278324253663e-07	0.9999990588103029	5.012669137320077e-07
n9595	2.8003060601386577e-06	0.9999685499371412	2.864975679857523e-05
n109	2.5850342015713234e-06	0.9999520781601731	4.533680562534605e-05
n109109	1.676845580317728e-06	0.9999739506114055	2.437254301413692e-05
945	0.0	0.0	1.0
n111111	1.640022189499177e-05	0.9973739700050318	0.002609629773073168
n120120	5.898703438386414e-07	0.0008502134953510517	0.999149196634305
n165	1.9109767759108773e-07	8.846036060919215e-08	0.9999997204419617
n705	4.5290414091340827e-07	8.143592857588788e-05	0.9999181111672832
n713	8.34825007731981e-05	0.009042091922269534	0.9908744255769573
n715715	1.0592294395169033e-07	0.9999981040843533	1.7899927028306554e-06
n766	2.4812404365398567e-06	0.9999525129105594	4.500584900411559e-05
950	0.0	0.0	1.0
966	0.0	0.0	1.0
182	1.0	0.0	0.0
239	1.0	0.0	0.0
230	1.0	0.0	0.0
n18	0.999999630051515	1.6078619091814432e-07	2.091622940321587e-07
229	1.0	0.0	0.0
n2222	0.9999997760268196	9.734272750094287e-08	1.2663045299586663e-07
n57	1.7660046564885344e-07	6.687716440848868e-08	0.9999997565223699
968	0.0	0.0	1.0
n59	2.338034376215614e-06	8.853946651778177e-07	0.9999967765709586
1032	0.0	0.0	1.0
n6161	0.0015606003366215489	1.008554107463799e-05	0.9984293141223038
n75	8.904583228806483e-07	0.0009522031621923402	0.9990469063794847
886	0.0	1.0	0.0
n8787	4.2014111669533287e-07	2.627079598407257e-06	0.9999969527792849
n91	8.337062934986342e-08	0.9999998739922732	4.263709736454448e-08
n95	4.0892852886077574e-07	0.999999386236009	2.048354620691422e-07
815	0.0	1.0	0.0
n96	6.2679329801858275e-06	0.9999935130916866	2.1897533318137205e-07
719	0.0	1.0	0.0
10	0.0	1.0	0.0
n110	2.2349125117458753e-07	0.9999994858744324	2.9063431642165474e-07
817	0.0	1.0	0.0
n112	7.125382930909069e-07	0.9999793519537732	1.993550793370858e-05
n118118	4.823418683166702e-06	0.9997363295313157	0.00025884705000116525
n121	1.2193505325569373e-05	0.002739552092689155	0.9972482544019853
n164	6.0182057502873855e-05	0.0018830809598674623	0.9980567369826296
n165165	1.1439444563338228e-07	4.3415581874769457e-08	0.9999998421899725
926	0.0	0.0	1.0
n705705	9.197726455397489e-07	3.933273896476111e-06	0.999995146953458
n706	6.081109544189276e-05	0.009515643051887011	0.990423545852671
n713713	0.0002014553917418925	0.9777860734099147	0.022012471198343344
948	0.0	0.0	1.0
n716	3.7140131454889917e-07	0.9999994029522522	2.256464331669254e-07
n761	3.9174642554374396e-07	0.9999993836761111	2.2457746342458625e-07
n766766	3.1322582480571965e-07	0.9999994923334196	1.944407556046995e-07
842	0.0	1.0	0.0
n1818	0.9999996697734	1.4352235327975583e-07	1.8670424671090347e-07
n21	0.9999993451651394	2.8460287628946943e-07	3.702319841830302e-07
243	1.0	0.0	0.0
187	1.0	0.0	0.0
n5757	6.711832455548807e-08	2.541716527833521e-08	0.9999999074645102
433	0.0	0.0	1.0
15	0.0	0.0	1.0
n5959	1.1685096196263571e-06	4.4250511807090225e-07	0.9999983889852624
918	0.0	0.0	1.0
n62	0.9947379254677212	2.4240133624669738e-05	0.005237834398654068
n7575	5.3008701047937195e-05	0.004120035414086673	0.9958269558848654
n76	2.7843820814708307e-05	0.001875822251984854	0.9980963339272004
423	0.0	0.0	1.0
989	0.0	0.0	1.0
n9191	1.966942860242555e-06	0.9999970640437045	9.690134352832015e-07
n9393	3.515173088932179e-08	0.9999999475277442	1.73205247736489e-08
734	0.0	1.0	0.0
715	0.0	1.0	0.0
n9696	0.0006362398915984376	0.9993548369605602	8.923147841445724e-06
n104104	9.533555507817987e-08	0.9999998707264711	3.3937973752302547e-08
818	0.0	1.0	0.0
816	0.0	1.0	0.0
n112112	5.832057322204709e-05	0.999939905252284	1.7741744938664836e-06
n117117	9.783848512799359e-08	0.9999998051283344	9.703318043011441e-08
782	0.0	1.0	0.0
831	0.0	1.0	0.0
n121121	9.442696053887812e-07	2.6418760062158655e-05	0.9999726369703325
n122	3.866901553675487e-05	0.35803356277616855	0.6419277682082947
939	0.0	0.0	1.0
n164164	0.0003271918581049477	0.9939096903392666	0.005763117802628458
925	0.0	0.0	1.0
n166	5.864092374944451e-08	2.2207133831435488e-08	0.9999999191519424
996	0.0	0.0	1.0
933	0.0	0.0	1.0
959	0.0	0.0	1.0
n706706	0.00020989896799075851	0.9662772840613897	0.03351281697061961
n714	3.830705857512691e-06	0.9998372055143707	0.000158963779771798
856	0.0	1.0	0.0
n716716	8.17193340892162e-05	0.9998779873860243	4.0293279886447334e-05
n718	5.184786508960569e-07	0.9999992285781625	2.5294318652639593e-07
n761761	8.093703697386001e-07	0.9999987912204621	3.994091681690948e-07
n765	1.241395360668503e-06	0.9999981469804989	6.116241403317038e-07
n767	1.4838075319686268e-06	0.9999977815942047	7.345982632836054e-07
n768	5.966625652297415e-07	0.9999991088447358	2.944926989539875e-07
n19	0.9999994289482674	2.4818923883907697e-07	3.2286249368333384e-07
n20	0.9999997690190434	1.0038843165861718e-07	1.3059252501787727e-07
244	1.0	0.0	0.0
240	1.0	0.0	0.0
964	0.0	0.0	1.0
938	0.0	0.0	1.0
1063	0.0	0.0	1.0
1033	0.0	0.0	1.0
n6262	0.999832618545427	1.6217790036955352e-06	0.00016575967556925846
n73	0.9997133511591835	4.251496901921585e-06	0.000282397343914628
873	0.0	1.0	0.0
977	0.0	0.0	1.0
910	0.0	0.0	1.0
n7676	5.136605924293463e-05	0.9981905510939709	0.0017580828467860647
n92	1.6610081091192827e-06	0.9999975207298032	8.182620877574396e-07
805	0.0	1.0	0.0
n94	2.511624370566566e-07	0.9999996251074056	1.2373015731863923e-07
n9494	3.4358581505228914e-08	0.9999999487153496	1.692606894901382e-08
n97	0.9888714239339552	0.010973879500029616	0.00015469656601513028
n104	4.131521139637588e-06	0.9999957374192453	1.3105961512533122e-07
n105	9.469135903716064e-08	0.9999998586947726	4.661386830588928e-08
n106106	7.396194966617976e-08	0.9999998896453834	3.6392666888631946e-08
n113	0.0035617562029140602	0.9963917306096088	4.651318747710681e-05
n117	4.209326072011145e-06	0.9999941708976507	1.6197762772250005e-06
n118	3.302404682439248e-07	0.9999995060590815	1.6370045023786399e-07
427	0.0	1.0	0.0
930	0.0	0.0	1.0
944	0.0	0.0	1.0
n122122	0.00010420608443133912	0.9832766839222002	0.016619109993368415
n138	6.26488573789639e-05	0.35695072424293084	0.6429866268996902
764	0.0	1.0	0.0
865	0.0	1.0	0.0
n166166	7.425622549885862e-08	2.812023161861303e-08	0.9999998976235429
n593593	5.858461817230195e-08	2.2185520759781523e-08	0.9999999192298611
830	0.0	1.0	0.0
n707	6.206768087492753e-06	0.9996514922964558	0.0003423009354566814
870	0.0	1.0	0.0
440	0.0	1.0	0.0
316	0.021040405039670283	0.9685944305049633	0.010365164455366423
n717	7.632471288397006e-07	0.9999988607044009	3.760484701748145e-07
879	0.0	1.0	0.0
n718718	5.734526279093091e-07	0.9999993471103017	7.943707046629568e-08
867	0.0	1.0	0.0
n762	2.0769308962318113e-07	0.9999996899891248	1.023177855506946e-07
836	0.0	1.0	0.0
n765765	2.6563671605798813e-07	0.9999996035026832	1.308606008262999e-07
n767767	4.657848722516296e-06	0.9999930475196199	2.2946316574975615e-06
756	0.0	1.0	0.0
884	0.0	1.0	0.0
880	0.0	1.0	0.0
n1919	0.9999995417482039	1.9916438033582455e-07	2.5908741567080347e-07
228	1.0	0.0	0.0
n2020	0.9999993305490233	2.909553002992521e-07	3.7849567630089087e-07
242	1.0	0.0	0.0
n63	0.9999960745374474	1.4161984509710534e-06	2.5092641015730114e-06
n70	0.9999818296875068	1.5949593869434414e-06	1.657535310632436e-05
326	1.0	0.0	0.0
n7373	0.9999947238577358	8.960241325452296e-07	4.38011813177683e-06
n7777	1.878096053641785e-07	0.9999955069612073	4.305229187404442e-06
852	0.0	1.0	0.0
n9292	2.7195880629276023e-07	0.9999995940661883	1.3397500538863984e-07
896	0.0	1.0	0.0
784	0.0	1.0	0.0
742	0.0	1.0	0.0
783	0.0	1.0	0.0
780	0.0	1.0	0.0
n9797	0.9997620484025773	0.0002335427125682827	4.4088848543757715e-06
357	1.0	0.0	0.0
307	0.0	1.0	0.0
305	0.0	1.0	0.0
310	0.0	1.0	0.0
n105105	4.937935932477154e-08	0.9999999262949967	2.4325643981331703e-08
438	0.0	1.0	0.0
303	0.0	1.0	0.0
n113113	0.9982298802080926	0.0017471442330847064	2.2975558822749484e-05
n116116	1.912174634051337e-06	0.9999979064717414	1.8135362464314157e-07
858	0.0	1.0	0.0
731	0.0	1.0	0.0
320	0.0	1.0	0.0
429	0.0	1.0	0.0
n123	5.757629397145522e-07	0.9999813801722383	1.8044064821974386e-05
878	0.0	1.0	0.0
n138138	7.955316585340089e-06	0.000725214995233467	0.9992668296881813
n139	1.4485894310120612e-05	0.9993988887387437	0.0005866253669461615
n167	6.609878881633433e-08	2.5031075364139287e-08	0.9999999088701359
n571571	9.581203989339201e-08	3.6283242615669556e-08	0.9999998679047175
n594	9.005875856194962e-08	3.410452162744947e-08	0.9999998758367199
n657	8.027244725484118e-08	3.0398524887593835e-08	0.999999889329028
n707707	7.810960721342824e-07	0.9999875563214605	1.1662582467352678e-05
785	0.0	1.0	0.0
833	0.0	1.0	0.0
n717717	6.699682849110064e-07	0.999998999985171	3.300465440486547e-07
789	0.0	1.0	0.0
n719	4.223662991248999e-05	0.9999572363196382	5.270504492215248e-07
n762762	9.180056629720313e-08	0.9999998629757294	4.522370436556371e-08
827	0.0	1.0	0.0
750	0.0	1.0	0.0
739	0.0	1.0	0.0
767	0.0	1.0	0.0
768	0.0	1.0	0.0
241	1.0	0.0	0.0
248	1.0	0.0	0.0
245	1.0	0.0	0.0
246	1.0	0.0	0.0
n6363	0.9999997567113986	1.0386554028101382e-07	1.3942306103441558e-07
n6868	0.9999974722704604	1.0965605969169771e-06	1.431168942762816e-06
373	1.0	0.0	0.0
n7070	0.9999959189298233	1.7095260997457191e-06	2.3715440769427497e-06
n74	0.999992419151382	3.257811552918787e-06	4.323037064947058e-06
n7474	0.9999834540464173	6.761553670809782e-06	9.784399911930341e-06
n78	1.8853523130416742e-07	0.9999996657153652	1.4574940348448895e-07
n85	3.8664542719883285e-07	0.9999993158582616	2.97496311278359e-07
773	0.0	1.0	0.0
n93	2.2022785451276273e-07	0.9999996712813475	1.0849079800175459e-07
276	1.0	0.0	0.0
n98	0.999996419805121	3.261333649350582e-06	3.1886122956697484e-07
306	0.0	1.0	0.0
n106	7.403394032975633e-08	0.9999998894947371	3.647132273195915e-08
n114	0.9999865252700147	1.3122125573824033e-05	3.5260441142759524e-07
314	1.0	0.0	0.0
813	0.0	1.0	0.0
812	0.0	1.0	0.0
n123123	1.5230289761943015e-07	0.9999996534968275	1.9420027480934143e-07
n137	1.5166407681869534e-06	0.9999961307577475	2.3526014843926002e-06
900	0.0	0.0	1.0
916	0.0	0.0	1.0
n139139	9.084138860518504e-07	0.999988769940724	1.0321645389989178e-05
n140	2.465125067260346e-07	0.9999952961850036	4.457302489688576e-06
n167167	8.067862087302189e-08	3.0552339398223765e-08	0.9999998887690398
n560	1.0072622157229508e-07	3.814420336755184e-08	0.9999998611295751
n572	7.657326875694784e-08	2.899767581497032e-08	0.9999998944290553
n590	1.8590923574576656e-07	7.040232012629757e-08	0.999999743688444
n594594	8.423546496349458e-07	3.189928755588499e-07	0.9999988386524747
n595	6.243897093737468e-07	2.3645132005711207e-07	0.9999991391589707
n657657	1.0258101463743379e-07	3.8846598461965226e-08	0.9999998585723868
n702702	1.1572890573310131e-07	4.382559820981485e-08	0.999999840445496
n708	5.1349411634735714e-08	0.9999998860556846	6.259490392305179e-08
758	0.0	1.0	0.0
887	0.0	1.0	0.0
757	0.0	1.0	0.0
n719719	0.012206782705245882	0.9877557704362908	3.7446858463209854e-05
n759	1.9531064560957595e-07	0.9999997291442274	7.5545127070531e-08
n763	1.2313366816045883e-06	0.9999981620702082	6.065931102327718e-07
n764	1.5662280555643648e-07	0.9999997662201371	7.71570572938161e-08
n64	0.9999984116656878	6.902341976923595e-07	8.981001144676527e-07
n6666	0.9999996581148407	1.4857059794536398e-07	1.9331456136636851e-07
281	1.0	0.0	0.0
n69	0.9999995150206541	2.1075849358002207e-07	2.7422085222500366e-07
n71	0.9999985438774941	6.307978047646516e-07	8.253247011271189e-07
265	1.0	0.0	0.0
262	1.0	0.0	0.0
263	1.0	0.0	0.0
283	1.0	0.0	0.0
340	1.0	0.0	0.0
n7878	1.5329306143955695e-07	0.9999997710139	7.56930385092452e-08
n80	2.0868920366400407e-07	0.9999996884241286	1.0288666778462655e-07
759	0.0	1.0	0.0
n8585	3.2578654725531926e-07	0.9999995114469283	1.6276652443153712e-07
897	0.0	1.0	0.0
898	0.0	1.0	0.0
n9898	0.9999848970579813	6.8653159120475925e-06	8.237626106565549e-06
n102	0.9999907621421381	4.359938407861576e-06	4.8779194539169586e-06
304	0.0	1.0	0.0
309	0.0	1.0	0.0
n114114	0.9999996940575596	1.7998986681366395e-07	1.2595257352658972e-07
311	1.0	0.0	0.0
n124	3.7054992726667376e-08	0.9999999444652685	1.8479738719562085e-08
n136136	4.8622146586577205e-06	0.9999927392303142	2.3985550271615133e-06
n137137	9.61770648540271e-06	0.9999856115731599	4.770720354696752e-06
730	0.0	1.0	0.0
876	0.0	1.0	0.0
849	0.0	1.0	0.0
n140140	1.8738872484089315e-06	0.9999971476347809	9.784779708272223e-07
n141	1.7319220933196748e-07	0.9999996916458194	1.3516197132358144e-07
n168	1.140822804639133e-07	4.320197071212355e-08	0.9999998427157488
n186186	6.01271912405274e-08	2.2769679779167686e-08	0.999999917103129
n560560	5.185040896884399e-07	1.9635329445895998e-07	0.9999992851426159
n563563	8.935437093121696e-08	3.38377756847268e-08	0.9999998768078534
n572572	1.8243000782665675e-07	6.908476472349342e-08	0.9999997484852273
n574	6.930163830584461e-08	2.6243925016273027e-08	0.9999999044544368
n590590	5.919279720691871e-08	2.2415832335678743e-08	0.9999999183913705
987	0.0	0.0	1.0
985	0.0	0.0	1.0
1015	0.0	0.0	1.0
n595595	2.0454954223455427e-06	7.74612530480934e-07	0.9999971798920472
951	0.0	0.0	1.0
n658	5.44600575645392e-07	2.062358220867175e-07	0.9999992491636023
912	0.0	0.0	1.0
n703	1.3521006186599678e-07	5.120295407378848e-08	0.999999813586984
908	0.0	0.0	1.0
n708708	3.6110478092662947e-08	0.999999946008847	1.788067489772648e-08
n711711	5.00492786866538e-07	0.9999992522991743	2.4720803883019095e-07
n720	0.00024403825763351153	0.9997524171856033	3.544556763152473e-06
n721721	0.9071856181940553	0.09279481001622857	1.9571789716173067e-05
n759759	1.5793288870674534e-07	0.9999997643820148	7.768509652191191e-08
n760760	1.286865731188916e-07	0.9999998080965888	6.32168380113852e-08
n763763	1.2351444500528505e-06	0.9999981563866197	6.084689301879254e-07
837	0.0	1.0	0.0
n764764	7.750690927357663e-08	0.9999998843108796	3.818221113056254e-08
843	0.0	1.0	0.0
n6464	0.9999920163256706	3.4698311655578856e-06	4.513843163860399e-06
489	1.0	0.0	0.0
n67	0.9999837800215038	7.049486248474756e-06	9.170492247645967e-06
n6767	0.9999986183029697	6.00509365873061e-07	7.811876644212497e-07
273	1.0	0.0	0.0
n6969	0.9999982282287102	7.700422147434198e-07	1.0017290751530294e-06
267	1.0	0.0	0.0
n7171	0.999998709494774	5.608161711534922e-07	7.296890549101498e-07
n79	9.245512034107185e-07	0.9999986199769626	4.5547183394978436e-07
n7979	1.232008131940901e-06	0.9999981610653159	6.069265521092281e-07
853	0.0	1.0	0.0
n8080	1.0173066590931404e-07	0.9999998481532332	5.011610098368568e-08
828	0.0	1.0	0.0
n86	2.81356418171878e-07	0.9999995800324841	1.3861109779996243e-07
287	1.0	0.0	0.0
n9999	0.9999987812939399	5.300366516671712e-07	6.886694084454727e-07
n102102	0.9999954521837549	1.976897771804229e-06	2.5709184733966763e-06
280	1.0	0.0	0.0
n115	0.9999989353092951	4.6416900357635424e-07	6.005217014582022e-07
n116	0.9999990679013003	4.063681709254242e-07	5.257305288161805e-07
n124124	9.093568507072856e-07	0.9999986426537307	4.4798941860821384e-07
n130	9.837633332742691e-08	0.9999998816904384	1.9933228310731248e-08
890	0.0	1.0	0.0
755	0.0	1.0	0.0
802	0.0	1.0	0.0
772	0.0	1.0	0.0
891	0.0	1.0	0.0
845	0.0	1.0	0.0
779	0.0	1.0	0.0
n141141	3.678408445048316e-08	0.9999999449713585	1.8244556975156322e-08
n168168	8.891787336684799e-08	3.3672477446823434e-08	0.9999998774096491
n170170	1.3497610748249368e-07	5.109959851268955e-08	0.9999998139242939
n187	4.780588808345362e-07	1.810370218171738e-07	0.9999993409040974
n190	1.6788577196576694e-07	6.357698052621645e-08	0.9999997685372475
n561	6.030916615544534e-07	2.283859220437449e-07	0.9999991685224164
n561561	3.2509671054063466e-07	1.231114882252562e-07	0.9999995517918012
n564	3.237444924467808e-07	1.2259940239385007e-07	0.9999995536561052
906	0.0	0.0	1.0
n573	3.442791308739385e-07	1.3037571526423818e-07	0.9999995253451539
923	0.0	0.0	1.0
n574574	1.2310207191408577e-07	4.6617756178218646e-08	0.9999998302801719
n584584	1.511728857882597e-07	5.723194736887013e-08	0.9999997915951669
n591	1.3414478203076627e-07	5.079954123804036e-08	0.9999998150556767
n592592	8.961072610856713e-08	3.3934855366039117e-08	0.9999998764544186
651	0.0	0.0	1.0
n596	1.1166344269015024e-07	4.2286040320367136e-08	0.999999846050517
993	0.0	0.0	1.0
n658658	1.0780053116690893e-06	4.0823187049050244e-07	0.9999985137628178
n703703	8.945997557976942e-07	3.387776736314863e-07	0.9999987666225705
932	0.0	0.0	1.0
n709	3.147373953327763e-07	0.999999530211668	1.550509367489624e-07
n710710	3.9975504191379035e-07	0.9999994033112912	1.9693366680639473e-07
881	0.0	1.0	0.0
n712	2.0249959302181685e-06	0.9999969773537981	9.976502716852119e-07
n720720	6.757623617438559e-07	0.9999990712044456	2.530331925471585e-07
839	0.0	1.0	0.0
n722	0.9126654346078573	0.08733048640601176	4.0789861309392805e-06
n750750	0.9974416436822816	0.0025495405922109204	8.815725507369003e-06
841	0.0	1.0	0.0
n760	4.49778729364199e-08	0.9999999328650437	2.215708327764469e-08
788	0.0	1.0	0.0
810	0.0	1.0	0.0
722	0.0	1.0	0.0
728	0.0	1.0	0.0
791	0.0	1.0	0.0
792	0.0	1.0	0.0
n65	0.9999948822318009	2.224273053254533e-06	2.893495145909483e-06
n6565	0.999979207090797	9.036967442372375e-06	1.1755941760483923e-05
348	1.0	0.0	0.0
354	1.0	0.0	0.0
n68	0.999993257961919	2.93020953420135e-06	3.8118285468335923e-06
282	1.0	0.0	0.0
338	1.0	0.0	0.0
272	1.0	0.0	0.0
n72	0.9999963172186591	1.6006004765898217e-06	2.0821808643549138e-06
n7272	0.9999877014659597	5.345158728176841e-06	6.953375312114266e-06
809	0.0	1.0	0.0
840	0.0	1.0	0.0
799	0.0	1.0	0.0
807	0.0	1.0	0.0
n81	2.531285567579537e-07	0.9999996221727705	1.2469867271434913e-07
n8383	2.843661875444247e-07	0.9999995755465608	1.4008725173056516e-07
790	0.0	1.0	0.0
855	0.0	1.0	0.0
n100	0.9999995586272626	1.918330271384076e-07	2.495397101407971e-07
n101	0.9999993384901653	2.875100955078712e-07	3.7399973927624375e-07
n103	0.9999996303765353	1.6064816452341994e-07	2.089753002479864e-07
300	1.0	0.0	0.0
274	1.0	0.0	0.0
n115115	0.9999989936709847	4.3740911200002187e-07	5.689199034041634e-07
266	1.0	0.0	0.0
313	1.0	0.0	0.0
n125	4.686710400976506e-07	0.9999993004476259	2.308813340475782e-07
718	0.0	1.0	0.0
n130130	2.3857669378569694e-07	0.9999996443511627	1.1707214342297539e-07
n135135	2.645294042793835e-05	0.9999724867956291	1.0602639429894828e-06
n142	2.7926560405838315e-07	0.9999995831575335	1.3757686238926115e-07
n161	5.613114367010117e-07	0.9999991621652957	2.765232677063751e-07
n169	2.844210750853408e-07	1.07707954895532e-07	0.9999996078709701
n170	1.0392731315995256e-07	3.935643079504035e-08	0.999999856716256
n171	6.866240963553705e-08	2.3901511237112296e-08	0.999999907436079
n186	3.402002863055485e-07	1.2883102210446582e-07	0.9999995309686915
n187187	9.76573926133035e-07	3.698206272474474e-07	0.9999986536054466
n189189	1.593954995509768e-07	6.036178321673952e-08	0.9999997802427172
n190190	4.0330147663950725e-07	1.5272699759382487e-07	0.9999994439715258
n559559	1.5102004090413032e-07	5.7190064939825643e-08	0.9999997917898941
1034	0.0	0.0	1.0
992	0.0	0.0	1.0
1000	0.0	0.0	1.0
n562	5.923845230422781e-08	2.2433121550833965e-08	0.9999999183284262
n564564	2.6292345272732856e-06	9.956689962161395e-07	0.9999963750964764
1025	0.0	0.0	1.0
n573573	8.741080346923938e-08	3.310176250066476e-08	0.9999998794874341
1013	0.0	0.0	1.0
n575	5.894547481530738e-08	2.2322173350540186e-08	0.9999999187323518
n583583	3.607890350419281e-07	1.366278821004205e-07	0.9999995025830829
n585	2.9491508168572587e-06	1.1144795618820547e-06	0.9999959363696213
946	0.0	0.0	1.0
n591591	3.12380721596397e-07	1.1829604632005325e-07	0.9999995693232321
967	0.0	0.0	1.0
927	0.0	0.0	1.0
n593	2.3701043233774992e-07	8.975392892006719e-08	0.9999996732356388
n596596	6.015506230206067e-08	2.278023432465346e-08	0.9999999170647034
n643	2.0011085419119067e-07	7.578035787730746e-08	0.9999997241087879
n659	3.3624515399590646e-06	1.2733331336427764e-06	0.9999953642153264
n660660	7.223756413678082e-07	2.735577979813145e-07	0.9999990040665607
988	0.0	0.0	1.0
n704	1.5861394823054533e-05	6.006581606892459e-06	0.9999781320235701
774	0.0	1.0	0.0
n709709	2.6060522143846067e-06	0.9999961101286019	1.2838191837230418e-06
n711	4.266549394191078e-06	0.9999936316208066	2.101829799204004e-06
834	0.0	1.0	0.0
n712712	8.329670373252108e-06	0.9999875668850827	4.103444544052572e-06
729	0.0	1.0	0.0
n721	1.2414046967325726e-07	0.9999998152794599	6.058007045483887e-08
725	0.0	1.0	0.0
n722722	0.9992907080768292	0.0007069576140125321	2.334309158333148e-06
n737	0.8797727579727861	0.1201240036523219	0.00010323837489195796
n751	0.9998934250073458	0.00010508857224843751	1.4864204057447998e-06
n758758	0.999987538686714	1.0880417836313352e-05	1.5808954497433808e-06
847	0.0	1.0	0.0
825	0.0	1.0	0.0
359	1.0	0.0	0.0
362	1.0	0.0	0.0
347	1.0	0.0	0.0
346	1.0	0.0	0.0
277	1.0	0.0	0.0
284	1.0	0.0	0.0
321	1.0	0.0	0.0
264	1.0	0.0	0.0
269	1.0	0.0	0.0
335	1.0	0.0	0.0
n8181	4.974321756324324e-07	0.9999992575179243	2.4504990011815437e-07
n8282	1.5660104903874456e-06	0.9999976625261171	7.714633925866771e-07
n84	6.651454098496903e-08	0.9999999007184157	3.2767043239622393e-08
893	0.0	1.0	0.0
n100100	0.9999993016312843	3.0352355645760806e-07	3.948451592714179e-07
353	1.0	0.0	0.0
n101101	0.9999955212715769	1.9465352751119977e-06	2.532193148072222e-06
350	1.0	0.0	0.0
297	1.0	0.0	0.0
n103103	0.9999996108654595	1.6912480752053787e-07	2.2000973297291338e-07
312	1.0	0.0	0.0
268	1.0	0.0	0.0
n125125	1.1303158624931165e-07	0.9999998312856889	5.5682724818578676e-08
n128	9.658319898817102e-08	0.9999998558370417	4.7579759426011925e-08
n131	9.195384797178569e-07	0.9999986276799708	4.5278154943170677e-07
814	0.0	1.0	0.0
848	0.0	1.0	0.0
n136	0.0053795912155364285	0.9945038405937965	0.0001165681906671552
868	0.0	1.0	0.0
n142142	3.511173725180849e-08	0.9999999475911703	1.729709258926007e-08
875	0.0	1.0	0.0
n161161	3.8542430915407596e-07	0.9999994247042	1.8987149091258723e-07
986	0.0	0.0	1.0
n169169	2.5382097550250904e-07	9.611994530775501e-08	0.9999996500590792
931	0.0	0.0	1.0
976	0.0	0.0	1.0
n171171	6.965272365390228e-08	2.637020805004614e-08	0.9999999039770683
n184	1.8954586541673877e-06	7.618070428559239e-08	0.9999980283606416
953	0.0	0.0	1.0
1002	0.0	0.0	1.0
n188	1.9815626036562871e-07	7.504016904445014e-08	0.9999997268035706
1073	0.0	0.0	1.0
934	0.0	0.0	1.0
909	0.0	0.0	1.0
1048	0.0	0.0	1.0
n191	1.4922762065406988e-07	5.651122070477945e-08	0.9999997942611586
961	0.0	0.0	1.0
962	0.0	0.0	1.0
n562562	5.806205853810069e-08	2.1987630770425953e-08	0.9999999199503107
n563	5.806205853810069e-08	2.1987630770425953e-08	0.9999999199503107
1031	0.0	0.0	1.0
n565	5.208926797015296e-07	1.9679070328775857e-07	0.999999282316617
954	0.0	0.0	1.0
955	0.0	0.0	1.0
n575575	7.071155259992172e-08	2.6777891602830194e-08	0.9999999025105558
n580580	7.017941756032917e-08	2.6576376378169754e-08	0.9999999032442061
999	0.0	0.0	1.0
n584	7.655350104640397e-08	2.89901901098964e-08	0.9999998944563089
n585585	1.4863046828850195e-06	3.3484956806501e-07	0.999998178845749
694	0.0	0.0	1.0
n592	5.397314199565825e-07	2.043919123090611e-07	0.9999992558766678
1038	0.0	0.0	1.0
922	0.0	0.0	1.0
997	0.0	0.0	1.0
n597	3.895693176683096e-07	1.4752674176642734e-07	0.9999994629039406
n600	2.3301362473962878e-07	8.824037029089366e-08	0.999999678746005
n643643	1.4141912498425819e-06	5.355427593029852e-07	0.9999980502659908
n656	5.052552687888319e-06	1.913360734127454e-06	0.999993034086578
n659659	1.1123582773319194e-05	4.212410600349581e-06	0.9999846640066262
589	0.0	0.0	1.0
n661	3.8782756119662015e-06	1.4686715271368345e-06	0.999994653052861
n662662	1.0716435398907405e-07	4.0582271910266004e-08	0.9999998522533741
56	0.0	0.0	1.0
42	0.0	0.0	1.0
862	0.0	1.0	0.0
n710	4.039757120978319e-07	0.9999993970138243	1.9901046352929082e-07
895	0.0	1.0	0.0
883	0.0	1.0	0.0
751	0.0	1.0	0.0
882	0.0	1.0	0.0
761	0.0	1.0	0.0
760	0.0	1.0	0.0
n723	0.9999520101623369	4.6409191083050474e-05	1.5806465799893453e-06
n727727	0.9999837346410685	1.5552866855697625e-05	7.124920758226912e-07
n737737	0.9997578587522181	0.00023623885760839364	5.9023901735227915e-06
n738738	0.005753891613841456	0.9942361506875738	9.957698584839935e-06
495	1.0	0.0	0.0
n751751	0.9999901972286914	8.285372003430333e-06	1.5173993052186857e-06
451	1.0	0.0	0.0
464	1.0	0.0	0.0
n82	2.4589389296456647e-07	0.9999996329714543	1.2113465270059113e-07
861	0.0	1.0	0.0
n83	2.950943545842969e-07	0.9999995595333804	1.4537226494506946e-07
769	0.0	1.0	0.0
835	0.0	1.0	0.0
n8484	2.70366480378038e-07	0.9999995964429417	1.3319057788518222e-07
351	1.0	0.0	0.0
352	1.0	0.0	0.0
369	1.0	0.0	0.0
367	1.0	0.0	0.0
298	1.0	0.0	0.0
299	1.0	0.0	0.0
n126	1.0643695033469595e-06	0.9999984112903898	5.24340106940316e-07
n126126	2.335156405200935e-07	0.9999996514476024	1.1503675700905732e-07
n128128	8.589011772902852e-08	0.9999998717978531	4.231202920936194e-08
n129129	1.5044116212764312e-07	0.9999997754470424	7.411179556555416e-08
776	0.0	1.0	0.0
n131131	4.23884127911196e-07	0.9999994252306095	1.50885262619691e-07
279	1.0	0.0	0.0
838	0.0	1.0	0.0
n143	3.855828293877154e-08	0.9999999424467589	1.8994958189892633e-08
n151151	3.4863525781788836e-08	0.9999999479616634	1.7174810808589026e-08
n162	7.754362907581682e-08	0.9999998842560706	3.8200300402584954e-08
n163163	6.978147391472527e-08	0.9999998958420944	3.437643166624936e-08
940	0.0	0.0	1.0
991	0.0	0.0	1.0
n172	1.3653224523235994e-07	5.1703614859735074e-08	0.9999998117641399
n173	2.5811533857520855e-07	9.774609615150583e-08	0.9999996441385653
n184184	1.1112117919766667e-07	3.868778708873287e-08	0.9999998501910337
n185	0.0007705198615953973	1.776614943422477e-05	0.9992117139889704
n188188	7.42068915479996e-07	2.810154812040929e-07	0.9999989769156034
n189	2.3835256067103195e-07	9.026218203719302e-08	0.9999996713852574
904	0.0	0.0	1.0
n191191	1.1486300210558787e-07	4.347396153884313e-08	0.9999998416630363
957	0.0	0.0	1.0
958	0.0	0.0	1.0
952	0.0	0.0	1.0
949	0.0	0.0	1.0
n565565	9.970480045119789e-08	3.7755026476431076e-08	0.999999862540173
n569	1.4366270191689014e-07	3.67560522979674e-08	0.9999998195812457
n576	1.514279079648058e-07	5.7344520888512774e-08	0.9999997912275711
905	0.0	0.0	1.0
n581	1.484292659595111e-07	5.620895947568728e-08	0.9999997953617745
n583	8.887962998575687e-08	3.365799519244583e-08	0.9999998774623748
978	0.0	0.0	1.0
943	0.0	0.0	1.0
n586	1.4972294967413867e-05	3.1258217219953317e-07	0.9999847151228605
1070	0.0	0.0	1.0
970	0.0	0.0	1.0
1018	0.0	0.0	1.0
n597597	6.724033524855082e-07	2.54633697383399e-07	0.9999990729629502
n599599	3.7523389211461286e-07	1.4209803234847284e-07	0.9999994826680756
n600600	5.901322085415803e-08	2.2347828226988545e-08	0.999999918638951
n642642	7.316582052822692e-06	2.7707302966777142e-06	0.9999899126876505
672	0.0	0.0	1.0
