node	GIN	LBR	SLE
root	0.9956492975761024	0.001295833692940953	0.0030548687309565
n0	0.9999863658166307	4.0608693641896394e-06	9.573314005129408e-06
n34	0.9999841185317828	4.73021122861474e-06	1.1151256988537994e-05
n00	0.9999865774728113	3.997828690892405e-06	9.42469849784629e-06
510	1.0	0.0	0.0
n3434	0.9999999877188046	3.657838786597402e-09	8.623356656814465e-09
n769	0.9999998139938908	5.540094761622537e-08	1.3060516155165294e-07
n1	0.9999863668992685	4.0605469062636534e-06	9.572553825299222e-06
n22	0.9999998340783776	4.941887716959433e-08	1.1650274522347179e-07
n35	0.99999997552603	7.289393088950952e-09	1.718457695097194e-08
n4545	0.9999998975992025	3.049910005340158e-08	7.190169743833254e-08
n769769	0.9999998806763856	3.554384140682571e-08	8.377977297668864e-08
n779779	0.9999998109378987	5.631115835931809e-08	1.3275094293137135e-07
n11	0.9999999928351591	2.1340099772372946e-09	5.030831028985561e-09
149	1.0	0.0	0.0
n3	0.9999998090995863	5.685867798360622e-08	1.3404173575483788e-07
n4	0.9999993196734711	2.0263165632190673e-07	4.776948725416499e-07
n3535	0.9999848784005634	4.503888365629625e-06	1.0617711071006062e-05
n4343	0.999997604394532	7.135184109753315e-07	1.6820870569295846e-06
n46	0.9999997725895724	6.773299227328189e-08	1.596774352685407e-07
n49	0.9999999186643025	1.3739139410173239e-08	6.75965580589253e-08
n770	0.9999996466489883	1.0524387227763532e-07	2.48107139355917e-07
n772	0.9999999978703673	1.345690130023297e-09	7.83942565884297e-10
390	1.0	0.0	0.0
378	1.0	0.0	0.0
n2	0.9999999999704586	8.798756995643596e-12	2.0742667645581238e-11
482	1.0	0.0	0.0
n33	0.9999999020952599	2.916040869964718e-08	6.874433131470336e-08
492	1.0	0.0	0.0
n44	0.9999980371264052	5.846315126688339e-07	1.3782420821971918e-06
n6	0.9999999982390172	5.244993954839117e-10	1.2364833631614176e-09
n36	0.9999844777501213	4.623219982207787e-06	1.0899029896500843e-05
n37	0.9999999819769689	5.368064424497813e-09	1.2654966640523445e-08
n4444	0.9999998479549631	4.528580961058991e-08	1.0675922727549927e-07
394	1.0	0.0	0.0
n4646	0.9999998587245004	4.2078159873077294e-08	9.919733976383627e-08
381	1.0	0.0	0.0
n4949	0.9999999187112224	1.3156142987198711e-08	6.813263453829788e-08
443	1.0	0.0	0.0
n770770	0.9999999991755658	2.455533232987426e-10	5.788807398475518e-10
n771771	0.9999998610177666	4.1395123080152105e-08	9.75871102232221e-08
n772772	0.9999999979158299	1.5984208192430585e-09	4.857492415405444e-10
375	1.0	0.0	0.0
461	1.0	0.0	0.0
472	1.0	0.0	0.0
508	1.0	0.0	0.0
509	1.0	0.0	0.0
n5	0.9999999994439039	1.656302525929189e-10	3.9046575366151476e-10
505	1.0	0.0	0.0
n66	0.9999999999907998	2.7402113602217136e-12	6.459923195620519e-12
473	1.0	0.0	0.0
391	1.0	0.0	0.0
n3636	0.9999999999930955	2.056477068259711e-12	4.848050738169735e-12
n3737	0.9999999983481929	4.919820326547394e-10	1.1598251657653468e-09
n39	0.9999999995241721	1.4172286479132272e-10	3.341051791294501e-10
n45	0.9999993516519857	1.931070250063662e-07	4.5524098934855875e-07
441	1.0	0.0	0.0
385	1.0	0.0	0.0
n47	0.999999170568639	2.4704174152706433e-07	5.823896195464286e-07
387	1.0	0.0	0.0
n50	0.9998924349906295	3.8525799190628366e-07	0.00010717975137849164
n771	0.9999999999943938	1.6697798184295041e-12	3.9364296288696165e-12
396	1.0	0.0	0.0
376	1.0	0.0	0.0
388	1.0	0.0	0.0
n773	0.999995918434762	4.0590787559202385e-06	2.248648199773973e-08
374	1.0	0.0	0.0
n55	0.9999999998252106	5.206009002691226e-11	1.2272928387065483e-10
467	1.0	0.0	0.0
476	1.0	0.0	0.0
n7	0.9999999999990453	2.8433979381079637e-13	6.703206933004539e-13
379	1.0	0.0	0.0
380	1.0	0.0	0.0
n38	0.9999999951194926	1.4536333184978081e-09	3.4268741390534345e-09
n3838	0.9999993865927912	1.8270009099974264e-07	4.307071178691941e-07
n3939	0.999999999998868	3.371489785264107e-13	7.948133142082405e-13
419	1.0	0.0	0.0
393	1.0	0.0	0.0
395	1.0	0.0	0.0
386	1.0	0.0	0.0
n4747	0.9999989149986807	3.231619011476957e-07	7.618394182884605e-07
n5050	0.0013786006781057918	3.603643532451323e-08	0.9986213632854589
377	1.0	0.0	0.0
392	1.0	0.0	0.0
397	1.0	0.0	0.0
n773773	0.9999986296409116	1.3627150944490503e-06	7.643993987044004e-09
389	0.0	1.0	0.0
463	1.0	0.0	0.0
449	1.0	0.0	0.0
n77	0.9999999999999954	1.1669148564284486e-15	3.3832012143398635e-15
n3333	0.9999998215278494	5.315698556945508e-08	1.2531516500050771e-07
408	1.0	0.0	0.0
412	1.0	0.0	0.0
411	1.0	0.0	0.0
413	1.0	0.0	0.0
n40	0.9999999998412619	4.727930801107083e-11	1.114588086785736e-10
n4141	0.9999999999948784	1.5254409755570946e-12	3.596157410029373e-12
382	1.0	0.0	0.0
n48	0.9999998437192328	4.65473994917903e-08	1.0973336778164576e-07
n51	0.0013730412427574177	1.5988802314959978e-08	0.9986269427684402
n767767	2.127414564517397e-08	1.8563059840080184e-10	0.9999999785402237
n774	0.9999986781559804	1.3105686680477983e-06	1.1275351522751137e-08
n775775	0.9999996039466557	1.1902460969237689e-07	2.7702873460893257e-07
n8	0.9999999999536896	2.3798112718131882e-12	4.3930644122516e-11
n1212	0.999999999996782	9.584828171653984e-13	2.2595881972257463e-12
507	1.0	0.0	0.0
498	1.0	0.0	0.0
432	1.0	0.0	0.0
n4040	0.9999999999999928	2.1241257464026365e-15	5.0075294063543484e-15
n42	0.9999999999643433	1.0620131908658036e-11	2.5036475793409176e-11
n43	0.9999998620323948	4.109292110172436e-08	9.687468416518097e-08
442	1.0	0.0	0.0
n4848	0.9999998714051799	3.830128664496856e-08	9.029353346933709e-08
n5151	0.001136294381457378	6.3818902875152665e-09	0.9988636992366524
n766766	0.5009614715836274	1.1655400508962603e-05	0.49902687301586374
422	0.0	0.0	1.0
n768	2.4277838085867534e-10	2.5836624322160164e-12	0.9999999997546379
n774774	0.9999996445191899	1.0703817824212772e-07	2.484426318206648e-07
399	1.0	0.0	0.0
n776	0.9999999994951794	1.5040402248769253e-10	3.544165971399239e-10
402	1.0	0.0	0.0
469	1.0	0.0	0.0
n88	0.9999999876224921	5.792533313120347e-10	1.1798254615435712e-08
n13	0.9999999999706154	8.752067404534409e-12	2.0632599069016572e-11
n1414	0.9999999930562161	2.068169302002564e-09	4.87561465351826e-09
n41	0.9999999999693095	9.140992433872e-12	2.1549472056161423e-11
417	1.0	0.0	0.0
418	1.0	0.0	0.0
n4242	0.9999999779381634	6.5710012404358236e-09	1.5490835227810586e-08
515	1.0	0.0	0.0
514	1.0	0.0	0.0
383	1.0	0.0	0.0
384	1.0	0.0	0.0
n52	0.0011347027399096208	1.013372483825679e-08	0.9988652871263656
914	0.0	0.0	1.0
431	0.0	0.0	1.0
n767	0.5911832491196706	1.1272487822903752e-05	0.4088054783925065
n768768	1.6223227918347985e-10	2.194961605077168e-11	0.9999999998158181
424	0.0	0.0	1.0
398	1.0	0.0	0.0
n775	0.9999999999983429	4.936375834521947e-13	1.1635863474996101e-12
406	1.0	0.0	0.0
n776776	0.999999999703789	8.824076204815905e-11	2.0797025528200413e-10
478	1.0	0.0	0.0
n9	0.9973601893171531	2.7358764741018776e-05	0.002612451918105916
481	1.0	0.0	0.0
n1313	0.9999999999968895	9.264578056362183e-13	2.184081951534024e-12
n15	0.9999998196153308	5.372661911621591e-08	1.2665805007167838e-07
n29	0.9999812185288748	5.59396178278073e-06	1.3187509342484789e-05
425	1.0	0.0	0.0
420	1.0	0.0	0.0
416	1.0	0.0	0.0
302	0.9837980053854567	0.004825678354697777	0.011376316259845552
n5252	0.001131465545894186	7.805532736564737e-09	0.9988685266485731
n763	0.001166018684862113	8.081162824970142e-05	0.9987531696868881
437	1.0	0.0	0.0
414	1.0	0.0	0.0
917	0.0	0.0	1.0
899	0.0	0.0	1.0
400	1.0	0.0	0.0
401	1.0	0.0	0.0
n777	0.9999999983852772	4.809366468098409e-10	1.1337861603662714e-09
n778	0.9999999997822296	6.486171030542272e-11	1.5290851746103858e-10
180	1.0	0.0	0.0
n99	0.9875809689583741	9.638529017867309e-05	0.012322645751447241
480	1.0	0.0	0.0
n14	0.999999999621088	1.1285690242047545e-10	2.660549915831094e-10
n1515	0.9999999983175902	5.010968307775092e-10	1.1813128859244648e-09
144	1.0	0.0	0.0
236	1.0	0.0	0.0
n2929	0.9999990753956673	2.75388507466781e-07	6.492158252153436e-07
n53	0.000343727696133228	3.4729667316378086e-08	0.9996562375741995
n5353	0.001136843304005937	2.501039083537217e-08	0.9988631316856033
n763763	0.005388248984526765	0.010950932737802982	0.9836608182776703
921	0.0	0.0	1.0
404	1.0	0.0	0.0
n777777	0.9999999997098701	8.641366631415929e-11	2.0371627052154604e-10
n778778	0.9999999999979935	5.976470456745388e-13	1.408925600494477e-12
409	1.0	0.0	0.0
145	1.0	0.0	0.0
n10	0.00026558259481652296	1.3626646492113245e-07	0.9997342811387187
490	1.0	0.0	0.0
477	1.0	0.0	0.0
n16	0.9999999992998782	2.0852760599403872e-10	4.915943045369465e-10
n17	0.999999999959926	1.193583129956112e-11	2.81381769996716e-11
n30	0.9999990485224778	2.8339254473605386e-07	6.680849774128156e-07
n31	0.9999977597718432	6.672401011212783e-07	1.5729880554963725e-06
415	1.0	0.0	0.0
919	0.0	0.0	1.0
n54	0.002464239228932441	4.232329337878687e-06	0.9975315284417297
n5555	1.06017182460144e-09	5.98308185491536e-10	0.99999999834152
n764	0.00029093660464230546	0.9467536246068406	0.05295543878851698
n764764	0.013635138907450977	0.006917042669937751	0.9794478184226114
421	1.0	0.0	0.0
405	1.0	0.0	0.0
407	1.0	0.0	0.0
n779	0.999999999998661	3.988289950983253e-13	9.40221135386554e-13
n1010	0.00026175131838601363	1.0635758122466047e-07	0.9997381423240328
1429	0.0	0.0	1.0
232	1.0	0.0	0.0
n1616	0.9999999732423287	7.969630828734216e-09	1.8788040585762086e-08
n1717	0.9999999156420933	2.5125556058258152e-08	5.9232350545071614e-08
n28	0.9999999999985493	4.320836915344911e-13	1.018617563027727e-12
n3030	0.9999999990794605	2.741778388570199e-10	6.463617292772872e-10
165	1.0	0.0	0.0
n3131	0.9999999979546165	6.092066617732811e-10	1.4361768734940173e-09
161	1.0	0.0	0.0
454	1.0	0.0	0.0
n5454	0.9999997407041407	1.3147338997670063e-08	2.46148520412984e-07
n56	5.865863754423348e-12	3.6214720323894142e-09	0.9999999963726621
n761	3.261782275660651e-10	8.53673271365783e-11	0.9999999995884544
428	0.0	1.0	0.0
434	0.0	1.0	0.0
426	0.0	1.0	0.0
920	0.0	0.0	1.0
n765	0.5875410033921475	0.0028941339002879615	0.40956486270756454
403	1.0	0.0	0.0
410	1.0	0.0	0.0
n1111	1.0702193608566972e-05	2.0372093335386045e-07	0.9999890940854581
n12	0.0002649119916157268	1.490214292846942e-07	0.9997349389869551
152	1.0	0.0	0.0
154	1.0	0.0	0.0
234	1.0	0.0	0.0
n18	0.9999999999768135	6.905974878065201e-12	1.6280520275234698e-11
153	1.0	0.0	0.0
n2828	0.9999999999987665	3.673685391476344e-13	8.660545477906525e-13
163	1.0	0.0	0.0
168	1.0	0.0	0.0
n32	0.9999998462026537	4.580772567193474e-08	1.079896205433718e-07
n3232	0.9999999999989537	3.1163771681911026e-13	7.346716802165335e-13
217	1.0	0.0	0.0
203	1.0	0.0	0.0
n5656	1.21358926845406e-11	7.231893182160838e-07	0.9999992767985458
n760	1.224823938593021e-08	3.1895627942977837e-09	0.9999999845621979
n761761	2.0846148929554774e-09	5.430235752876452e-10	0.9999999973723614
n762	4.346275585614619e-08	1.1312711533395812e-08	0.9999999452245325
n765765	0.6258155773547358	0.002627111044400772	0.3715573116008634
278	1.0	0.0	0.0
1500	0.0	0.0	1.0
1503	0.0	0.0	1.0
1221	0.0	0.0	1.0
179	1.0	0.0	0.0
n1818	0.9999999898621684	3.019499468088693e-09	7.11833205003646e-09
155	1.0	0.0	0.0
231	1.0	0.0	0.0
147	1.0	0.0	0.0
211	1.0	0.0	0.0
212	1.0	0.0	0.0
176	1.0	0.0	0.0
238	1.0	0.0	0.0
n57	5.78984914644288e-11	8.607036835466785e-11	0.999999999856031
n605605	8.692960558531894e-12	0.0011978020356778801	0.9988021979556291
n760760	1.4260183567440593e-09	3.711779994574483e-10	0.9999999982028036
956	0.0	0.0	1.0
996	0.0	0.0	1.0
939	0.0	0.0	1.0
n762762	1.8489940505659281e-09	4.812657359496812e-10	0.9999999976697401
423	0.0	0.0	1.0
317	1.0	0.0	0.0
n766	0.7345156418610762	0.001935247712284124	0.2635491104266397
157	1.0	0.0	0.0
n19	0.9999999939109944	1.8135780905932196e-09	4.275427495168693e-09
n5757	1.0032902657458691e-11	2.6142681980332413e-12	0.9999999999873528
n602602	7.786578945730532e-12	3.924580388186907e-12	0.9999999999882888
n606	3.982597861869604e-08	0.0012732165741665402	0.9987267435998549
n627627	2.174133838442938e-09	0.0012646701623292543	0.998735327663537
936	0.0	0.0	1.0
911	0.0	0.0	1.0
930	0.0	0.0	1.0
945	0.0	0.0	1.0
275	1.0	0.0	0.0
315	1.0	0.0	0.0
n1919	0.9999999923413321	2.2810936933628917e-09	5.377574170224746e-09
n2020	0.9999999911280761	2.642455569343242e-09	6.229468284013234e-09
n58	8.682186782117347e-13	2.2599884929218378e-13	0.9999999999989059
n600600	3.403149260686778e-10	8.857892954159165e-11	0.9999999995711061
n603	3.292848646147637e-09	8.572379662847189e-10	0.9999999958499134
n604	2.2509665114135533e-09	1.4840656804244648e-08	0.9999999829083767
n606606	8.911038541490473e-09	1.0093286257554977e-07	0.999999890156099
n607607	5.0113924447996754e-06	0.01099108448129206	0.9890039041262632
948	0.0	0.0	1.0
n628	1.3288963252367212e-07	0.009398526376995692	0.9906013407333718
n20	0.9999999999072892	2.7613456854182987e-11	6.509746301159369e-11
177	1.0	0.0	0.0
n21	0.9999999768725711	6.888382296975155e-09	1.623904656903279e-08
237	1.0	0.0	0.0
n5858	1.1715140642218969e-12	3.049278439202615e-13	0.9999999999985236
926	0.0	0.0	1.0
n601	2.3650161586679845e-10	6.155786402172688e-11	0.9999999997019405
989	0.0	0.0	1.0
n603603	1.5588296344115392e-10	4.0574028476954345e-11	0.9999999998035429
959	0.0	0.0	1.0
n604604	6.287560533463463e-06	6.9764742411162e-05	0.9999239476970554
n605	1.6871461273996215e-10	4.436300805750231e-11	0.9999999997869223
n607	1.855988799248258e-12	3.5905295681263054e-12	0.9999999999945535
433	0.0	0.0	1.0
n608	0.0037208704078151816	0.005112011631902887	0.9911671179602819
n621	2.501422713552913e-07	0.9882401438339881	0.0117596060237406
n628628	1.4925977173323284e-36	1.0	9.131565622574634e-32
944	0.0	0.0	1.0
239	1.0	0.0	0.0
182	1.0	0.0	0.0
n2121	0.999999999216065	2.334909071984775e-10	5.5044414667676e-10
n2222	0.9999999999062007	2.7937654644706365e-11	6.586174449176018e-11
n59	2.556381604077104e-13	6.653882289079618e-14	0.9999999999996779
950	0.0	0.0	1.0
n601601	3.7110142479654323e-09	9.659219844841918e-10	0.9999999953230637
15	0.0	0.0	1.0
915	0.0	0.0	1.0
937	0.0	0.0	1.0
910	0.0	0.0	1.0
766	0.0	1.0	0.0
901	0.0	0.0	1.0
977	0.0	0.0	1.0
964	0.0	0.0	1.0
938	0.0	0.0	1.0
947	0.0	0.0	1.0
n608608	0.9964583065939732	3.1851584581856654e-05	0.0035098418214449738
830	0.0	1.0	0.0
n621621	4.7628461564025475e-09	0.9998729230589535	0.0001270721782005403
886	0.0	1.0	0.0
873	0.0	1.0	0.0
n629	2.6983504096072227e-08	0.9999999564591371	1.6557358835710988e-08
870	0.0	1.0	0.0
n629629	4.030280162730692e-07	0.9999993496698001	2.4730218367929917e-07
440	0.0	1.0	0.0
n631631	1.6847574295942133e-06	0.9999972814578842	1.0337846861402243e-06
n632	8.386945441158893e-09	0.999999989736206	1.876848747726863e-09
n639639	2.3562463354408421e-07	0.999999619793643	1.4458172342091732e-07
n650650	1.2030574255432255e-08	0.9999999805873404	7.3820855229789636e-09
n660	7.805098621628271e-11	0.999999999874056	4.789289472479798e-11
n675675	6.428902219762778e-12	0.9999999999916771	1.8940435789192923e-12
878	0.0	1.0	0.0
n730	6.035000699989488e-13	0.9999999999990261	3.7031392145261747e-13
856	0.0	1.0	0.0
n755	1.1093817871820062e-10	0.9999999998209889	6.807282060467671e-11
247	1.0	0.0	0.0
172	1.0	0.0	0.0
n23	0.9999999999626195	1.1133569589032377e-11	2.6246881668466262e-11
n2525	0.9999999999984078	4.742160187632783e-13	1.117942599652138e-12
n5959	8.139601323545125e-13	2.1186175346640557e-13	0.9999999999989742
n597597	4.829403006418254e-10	1.2570219955252374e-10	0.9999999993913574
1032	0.0	0.0	1.0
n602	2.5094267891084933e-07	6.53166585161242e-08	0.9999996837406626
n609	0.9999992781750425	7.057732790447583e-09	7.147672246700171e-07
263	1.0	0.0	0.0
n622	2.183851310933258e-12	0.9999999597230087	4.0274807343886367e-08
785	0.0	1.0	0.0
889	0.0	1.0	0.0
324	0.0	1.0	0.0
n630	7.17983266176893e-08	0.9999998841454734	4.4056200165111396e-08
n630630	4.5365667755532354e-10	0.9999999992679749	2.7836845695638527e-10
764	0.0	1.0	0.0
865	0.0	1.0	0.0
n632632	6.707691629866882e-11	0.999999999892036	4.088707877951866e-11
n634634	6.320125093647884e-06	0.999993596280037	8.359486933305689e-08
815	0.0	1.0	0.0
n640	7.644725073833527e-11	0.9999999998781751	4.5377627122990974e-11
n651	2.7531317051549716e-10	0.9999999995557518	1.6893502564353422e-10
759	0.0	1.0	0.0
n660660	2.923604044625017e-12	0.9999999999952824	1.7939492766023222e-12
n674	1.6523123510644908e-07	0.9999997333811601	1.013876048412451e-07
n676	3.120353722489877e-11	0.9999999999502647	1.853180664700711e-11
n687687	1.4416022512464685e-09	0.9999999985541893	4.208394586699593e-12
n730730	1.075203182171602e-10	0.9999999998265041	6.597558584359279e-11
n738738	4.847012037200248e-14	0.9999999999999218	2.974177011821706e-14
n755755	7.68096789066491e-13	0.9999999999987605	4.713121806512329e-13
n759759	2.004079731705822e-08	0.999999967661961	1.2297241727792787e-08
n2323	0.9999999521199627	1.4260815704868607e-08	3.36192215181565e-08
n24	0.9999999999980868	5.698567729600068e-13	1.3434113083183356e-12
246	1.0	0.0	0.0
n26	0.9999999999999118	2.6248489947202482e-14	6.187961588696732e-14
925	0.0	0.0	1.0
n60	1.1667256018337929e-12	3.0368134494720857e-13	0.9999999999985296
n598	3.6557738888315756e-08	9.515437379777325e-09	0.9999999539268237
n598598	1.3936918274105827e-11	3.6275731797710743e-12	0.9999999999824356
1063	0.0	0.0	1.0
1033	0.0	0.0	1.0
262	1.0	0.0	0.0
n609609	0.9999999999792182	2.0518577863859724e-13	2.0576806575120675e-11
n622622	4.810512524671565e-16	0.9999999999997271	2.724633782045779e-13
n626626	9.191955272681485e-08	0.9999998359283186	7.215212855217011e-08
719	0.0	1.0	0.0
10	0.0	1.0	0.0
n631	3.05279624940573e-10	0.9999999995073977	1.873227538341877e-10
816	0.0	1.0	0.0
n633	1.4873971077704039e-08	0.9999999759992152	9.12681360318338e-09
n633633	6.122754367745526e-11	0.9999999999012029	3.756952169851705e-11
n635	9.439034522620501e-06	0.9999904363347185	1.246307587230743e-07
n639	1.2477867921142201e-09	0.9999999980010175	7.511956708206688e-10
n640640	1.6682876485946864e-14	0.9999999999999732	1.0060375074293938e-14
n643	8.901648151154283e-08	0.9999999101491998	8.343186692204343e-10
n651651	2.28315307670817e-08	0.9999999631588044	1.400966480606847e-08
n658658	7.402672464402493e-08	0.9999998805497069	4.5423568377166544e-08
755	0.0	1.0	0.0
n661	7.230802811127916e-13	0.9999999999988335	4.435768282722839e-13
n674674	1.9113657345293922e-06	0.9999969158003659	1.1728338995635514e-06
n675	2.9197349520244973e-07	0.9999995288685306	1.7915797419681208e-07
n676676	2.0069624190350484e-11	0.9999999999676155	1.2314918241443758e-11
n685685	5.978738788054022e-11	0.9999999999035264	3.668616241566838e-11
827	0.0	1.0	0.0
n688	8.186240380799065e-08	0.999999917941917	1.956791041104721e-10
n731	2.0173547603719345e-08	0.9999999674477537	1.2378698684753084e-08
n737	1.1676022831414051e-06	0.9999981159448089	7.164529080632538e-07
n739	6.647042889653457e-11	0.9999999998927426	4.078694669473025e-11
n749	1.0406414769673545e-11	0.9999999999832081	6.385484365605724e-12
805	0.0	1.0	0.0
n756	1.1273593652023883e-12	0.9999999999981809	6.917594349494561e-13
734	0.0	1.0	0.0
715	0.0	1.0	0.0
240	1.0	0.0	0.0
241	1.0	0.0	0.0
230	1.0	0.0	0.0
n2424	0.9999999999990677	2.776251409763056e-13	6.544885865333326e-13
n2626	0.9999999928848532	2.119208851791517e-09	4.995938051937228e-09
n27	0.9999999999991661	2.4833986386363774e-13	5.854498836395526e-13
n6060	3.218205292857614e-13	8.376095736418672e-14	0.9999999999995944
942	0.0	0.0	1.0
966	0.0	0.0	1.0
933	0.0	0.0	1.0
968	0.0	0.0	1.0
n599	9.720136605120245e-14	2.5300074348543543e-14	0.9999999999998774
n610	0.9999999999757408	6.693009581006048e-12	1.7566216223750104e-11
n620	0.9999999998502039	4.232971271045691e-11	1.0746654335689225e-10
n623	3.3256328550410655e-11	0.9999999999462481	2.0495514285989424e-11
n624624	5.3191362445252976e-12	0.9999999999913973	3.2835297575919126e-12
774	0.0	1.0	0.0
n627	1.6523645057392275e-10	0.9999999997333672	1.0139638936756206e-10
818	0.0	1.0	0.0
817	0.0	1.0	0.0
427	0.0	1.0	0.0
320	0.0	1.0	0.0
n634	1.3187576243806828e-09	0.9999999978720392	8.09203079198806e-10
429	0.0	1.0	0.0
n635635	0.9999993365927357	6.546238823926408e-07	8.783381992007898e-09
n638638	9.179296753818198e-07	0.9999985882397384	4.93830586230402e-07
813	0.0	1.0	0.0
812	0.0	1.0	0.0
n641	1.211158652022135e-13	0.9999999999998046	7.431764292260361e-14
n642	2.829751889252328e-12	0.9999999999954339	1.7363651886933575e-12
309	0.0	1.0	0.0
n643643	5.814688824760914e-07	0.9999994131357308	5.395386698912097e-09
n652	2.0570996271568728e-09	0.9999999966806428	1.2622577322194966e-09
n653653	1.8830548692263458e-10	0.9999999996961483	1.1554620580820645e-10
828	0.0	1.0	0.0
n659	5.8172349532411455e-08	0.9999999061324916	3.569515886799681e-08
718	0.0	1.0	0.0
n661661	1.9190506713864036e-14	0.9999999999999798	1.0022042211103574e-15
802	0.0	1.0	0.0
772	0.0	1.0	0.0
890	0.0	1.0	0.0
730	0.0	1.0	0.0
789	0.0	1.0	0.0
n677	1.0547909931552375e-13	0.9999999999998299	6.472305843986308e-14
n686	3.4645455612706453e-13	0.9999999999994409	2.1258811785401212e-13
847	0.0	1.0	0.0
n688688	0.394299236209426	0.6056968405076413	3.923282932671152e-06
n729	7.550126337196114e-08	0.9999999238764331	6.223035149508929e-10
n731731	6.115097924999204e-11	0.9999999999013262	3.752287705082063e-11
845	0.0	1.0	0.0
741	0.0	1.0	0.0
n737737	1.010254026755408e-11	0.9999999999836985	6.199023809752738e-12
n739739	6.0825427402136495e-15	0.9999999999999902	3.7323115050104136e-15
779	0.0	1.0	0.0
n749749	1.0878531575011692e-07	0.9999998244628827	6.675180149019244e-08
n750	1.2878162511766949e-09	0.9999999979219663	7.902174494933903e-10
n756756	2.0102505556266305e-07	0.9999996756238789	1.2335106545351338e-07
n758	8.790762709324275e-16	0.9999999999999987	5.394103452970568e-16
n25	0.999999999999894	3.157521812103542e-14	7.443713420493818e-14
244	1.0	0.0	0.0
245	1.0	0.0	0.0
228	1.0	0.0	0.0
n2727	0.9999999882727277	3.4929059490133076e-09	8.23436620121773e-09
242	1.0	0.0	0.0
913	0.0	0.0	1.0
n61	2.1460722426843432e-13	5.3772106791215624e-14	0.9999999999997317
n599599	4.4295235660582554e-11	1.1529393063351217e-11	0.9999999999441754
n600	8.946303247105306e-14	2.3285900856285422e-14	0.9999999999998872
n610610	0.999999998209647	5.327758911814487e-10	1.2575772731842443e-09
n613613	0.9999999998490121	4.49710107420481e-11	1.0601710575004127e-10
373	1.0	0.0	0.0
n620620	0.9999999864409788	4.03623486742478e-09	9.522786254755343e-09
n623623	2.82436741244282e-06	0.9999954425713593	1.7330612281717416e-06
n624	3.26907317984873e-09	0.9999999947249023	2.0060245534544873e-09
895	0.0	1.0	0.0
n625	2.4690096150409247e-10	0.9999999996015827	1.5151633322270236e-10
811	0.0	1.0	0.0
777	0.0	1.0	0.0
831	0.0	1.0	0.0
782	0.0	1.0	0.0
n636	0.9999999994117397	5.80325884034456e-10	7.934436562714179e-12
n637637	0.9999999996789594	2.047022681704602e-10	1.1633833221459287e-10
858	0.0	1.0	0.0
731	0.0	1.0	0.0
306	0.0	1.0	0.0
n641641	2.6363799094111517e-11	0.999999999957459	1.617710131265183e-11
310	0.0	1.0	0.0
n642642	8.279046968078926e-14	0.9999999999998664	5.080109349376577e-14
305	0.0	1.0	0.0
n644	0.9988019974139145	0.001186878570800742	1.1124015284737679e-05
n652652	2.0630109608287275e-09	0.9999999966711042	1.2658849880589918e-09
809	0.0	1.0	0.0
853	0.0	1.0	0.0
n654	2.558084110885767e-12	0.9999999999958723	1.5696670234178943e-12
852	0.0	1.0	0.0
n659659	6.284133892284865e-09	0.9999999898598562	3.856009933170956e-09
n662	3.6313121679417313e-09	0.9999999962174493	1.5123865646775038e-10
n668668	1.4830746746128396e-11	0.9999999999760709	9.09837993526506e-12
n677677	4.566078163172294e-11	0.9999999999263212	2.8017930634576542e-11
n678	6.017447129284754e-11	0.9999999999029019	3.692368160923473e-11
n686686	4.0037658017704914e-14	0.9999999999999354	2.4567523489427393e-14
n687	2.3041047205494907e-08	0.9999999628207265	1.4138226272378985e-08
n689	0.0055706556637155685	0.9943936887402642	3.565559602022367e-05
n690690	0.9903307795798019	0.009669213460133337	6.960064823134476e-09
843	0.0	1.0	0.0
n729729	1.7971382413068698e-07	0.9999997556868261	6.459934970526744e-08
n732	2.742521371265232e-09	0.9999999955746389	1.6828396451761956e-09
n734	1.3701728063322784e-10	0.9999999997789075	8.407522885316775e-11
n738	3.3087209740120504e-16	0.9999999999999994	2.0302656118682153e-16
740	0.0	1.0	0.0
n740	9.680540896874186e-13	0.9999999999984379	5.940080605641294e-13
n748748	6.525398411816262e-10	0.9999999989470549	4.0040523523461664e-10
844	0.0	1.0	0.0
832	0.0	1.0	0.0
868	0.0	1.0	0.0
n750750	2.1844687980461887e-10	0.9999999996475119	1.340412780559875e-10
n757	1.836460895367868e-08	0.9999999703666759	1.126871510983e-08
n757757	1.1330616793452512e-08	0.9999999817167989	6.952584342314327e-09
n758758	5.822081213889964e-16	0.9999999999999991	3.5724896027517665e-16
783	0.0	1.0	0.0
243	1.0	0.0	0.0
187	1.0	0.0	0.0
248	1.0	0.0	0.0
229	1.0	0.0	0.0
n6161	6.684656888897236e-12	1.0607282510398034e-13	0.9999999999932093
n568	9.331478004705685e-11	2.4288453566019786e-11	0.9999999998823969
941	0.0	0.0	1.0
918	0.0	0.0	1.0
900	0.0	0.0	1.0
916	0.0	0.0	1.0
340	1.0	0.0	0.0
n611	0.9999999990945939	2.696703254833636e-10	6.357357089062623e-10
n614	0.9999999998975908	3.0502008310241385e-11	7.190709166030457e-11
n619	0.9999999862970665	4.081346253579663e-09	9.62158733638136e-09
283	1.0	0.0	0.0
326	1.0	0.0	0.0
751	0.0	1.0	0.0
882	0.0	1.0	0.0
862	0.0	1.0	0.0
729	0.0	1.0	0.0
758	0.0	1.0	0.0
n625625	2.9451030100908818e-08	0.999999952477511	1.8071458734367752e-08
n636636	0.9999999990071659	5.849548591345826e-10	4.078792418896795e-10
n637	0.9999999934510684	2.0042611275917763e-09	4.5446705991933e-09
312	1.0	0.0	0.0
n638	0.9999999966972282	1.0032735110732864e-09	2.2994983864249442e-09
304	0.0	1.0	0.0
307	0.0	1.0	0.0
438	0.0	1.0	0.0
303	0.0	1.0	0.0
n644644	0.9999998014375298	1.9661052632701106e-07	1.9519439396578007e-09
n648	0.9999999999582696	2.929169379238738e-11	1.2438568035928999e-11
840	0.0	1.0	0.0
n653	2.852790662074116e-07	0.9999995396707309	1.7505020292009532e-07
n654654	1.6883771511417773e-12	0.9999999999972756	1.03600578493951e-12
n657657	1.3708210118300552e-07	0.9999997788028954	8.411500341687086e-08
790	0.0	1.0	0.0
855	0.0	1.0	0.0
n662662	3.199855602138025e-08	0.9999999483820199	1.9619424045378134e-08
n668	0.002640259997277799	0.9972947324047584	6.500759796374755e-05
n669	2.571865133104418e-10	0.9999999995850013	1.5781230786978317e-10
848	0.0	1.0	0.0
791	0.0	1.0	0.0
792	0.0	1.0	0.0
n678678	7.424536727316554e-15	0.9999999999999881	4.555772976905128e-15
837	0.0	1.0	0.0
825	0.0	1.0	0.0
788	0.0	1.0	0.0
841	0.0	1.0	0.0
810	0.0	1.0	0.0
n689689	6.937887893605139e-09	0.9999999926168225	4.452895769071612e-10
839	0.0	1.0	0.0
n691	0.9907502438025605	0.009249756149426861	4.8012642681434075e-11
n727727	0.9905534018558096	0.009446490646666207	1.074975241962476e-07
842	0.0	1.0	0.0
316	0.008270989828850168	0.9866538897321085	0.005075120439041318
n732732	8.932557374955838e-11	0.9999999998558634	5.481110134960146e-11
876	0.0	1.0	0.0
875	0.0	1.0	0.0
n734734	2.269297863383287e-10	0.9999999996338237	1.3924647775682527e-10
736	0.0	1.0	0.0
737	0.0	1.0	0.0
n740740	1.152129173963294e-13	0.9999999999998141	7.069584472973723e-14
885	0.0	1.0	0.0
871	0.0	1.0	0.0
794	0.0	1.0	0.0
n751	3.632388168480562e-12	0.9999999999941388	2.2288711696594686e-12
854	0.0	1.0	0.0
773	0.0	1.0	0.0
896	0.0	1.0	0.0
897	0.0	1.0	0.0
898	0.0	1.0	0.0
780	0.0	1.0	0.0
n759	6.722872001541122e-13	0.9999999999989152	4.12522420141399e-13
n62	1.0648964867595833e-06	1.679164644380391e-08	0.9999989183118668
n71	2.5207560819393256e-13	6.316073099108131e-14	0.9999999999996848
n568568	8.058242301906649e-13	2.0974409868311036e-13	0.9999999999989844
n596596	6.399803228141655e-10	1.6657738884321833e-10	0.9999999991934423
n611611	0.9999999999079964	2.740278945562134e-11	6.460084308529716e-11
264	1.0	0.0	0.0
n614614	0.9999992483616356	2.2387150919403108e-07	5.277668553439837e-07
n618618	0.9999999828961315	5.094296751510698e-09	1.2009571859034549e-08
n619619	0.9999999801090039	5.924427911578272e-09	1.3966568143833902e-08
354	1.0	0.0	0.0
n626	3.697729808709805e-07	0.999999403330471	2.2689654805004286e-07
883	0.0	1.0	0.0
311	1.0	0.0	0.0
268	1.0	0.0	0.0
313	1.0	0.0	0.0
266	1.0	0.0	0.0
274	1.0	0.0	0.0
314	1.0	0.0	0.0
n645	0.9999998490154194	1.4900454076416208e-07	1.980039798061748e-09
n647647	0.9999994096694997	2.541233782059799e-07	3.3620712200045836e-07
n648648	0.9999999996626917	1.1019799417663132e-10	2.2711035503149716e-10
n649	0.999999999994489	1.978312822238866e-12	3.5327811002304074e-12
799	0.0	1.0	0.0
807	0.0	1.0	0.0
n655	3.959220899871949e-10	0.9999999993611359	2.429419133839205e-10
n656	4.45695444342423e-11	0.9999999999280822	2.7348336143241374e-11
n658	1.5349046799109754e-08	0.9999999752326185	9.41833479944417e-09
769	0.0	1.0	0.0
n663	1.1574344131551704e-10	0.9999999998132353	7.102136190231217e-11
874	0.0	1.0	0.0
279	1.0	0.0	0.0
838	0.0	1.0	0.0
n669669	1.6993594761831537e-09	0.999999997257896	1.0427446420609574e-09
n670	1.7361366647256308e-10	0.9999999997198733	1.0651297817984017e-10
n679	8.676270368014441e-10	0.999999998599988	5.323849761224002e-10
n680	1.0661356719175722e-14	0.9999999999999828	6.54191939810388e-15
n690	2.781565703519261e-09	0.9999999970154154	2.0301897841077234e-10
761	0.0	1.0	0.0
n691691	0.9995417076724114	0.00045668202237079074	1.610305217899647e-06
n693693	0.990751634442654	0.009248365557237726	1.0820857480908675e-13
n728	0.9999913435691387	8.071140802291687e-06	5.852900590483856e-07
n728728	0.9999935211931623	6.168659449457069e-06	3.1014738820010863e-07
n733	3.242466881399492e-12	0.999999999994768	1.989611411367983e-12
891	0.0	1.0	0.0
n735	2.3261227475341496e-13	0.9999999999996246	1.4273331176598013e-13
748	0.0	1.0	0.0
n741	1.171545178254989e-12	0.9999999999981095	7.188723095247802e-13
877	0.0	1.0	0.0
754	0.0	1.0	0.0
n751751	7.870587905642105e-12	0.9999999999872999	4.82947462041048e-12
742	0.0	1.0	0.0
784	0.0	1.0	0.0
475	1.0	0.0	0.0
n6262	7.759424981450112e-09	1.8411525298408483e-09	0.9999999903994226
n7171	4.1094714250789575e-10	1.0696344768152839e-10	0.9999999994820894
n79	3.000657417459376e-15	7.809810630456108e-16	0.9999999999999962
n569	2.113290023444384e-12	5.50058058697693e-13	0.9999999999973367
n596	4.86467190124959e-10	1.2662019659070705e-10	0.9999999993869126
n597	4.4435794533797196e-13	1.15659784539392e-13	0.99999999999944
1006	0.0	0.0	1.0
n612	0.999999140655532	2.5595120210557914e-07	6.033932658211191e-07
n612612	0.9999999967595297	9.65156888452652e-10	2.275313288850592e-09
n615	0.9999999591189546	1.2176203032078654e-08	2.870484237768731e-08
489	1.0	0.0	0.0
284	1.0	0.0	0.0
348	1.0	0.0	0.0
277	1.0	0.0	0.0
272	1.0	0.0	0.0
881	0.0	1.0	0.0
834	0.0	1.0	0.0
357	1.0	0.0	0.0
n645645	0.9999998353498171	1.5158626936164798e-07	1.3063913544819222e-08
276	1.0	0.0	0.0
287	1.0	0.0	0.0
351	1.0	0.0	0.0
350	1.0	0.0	0.0
n649649	0.9999999995500027	1.3425179624364013e-10	3.1574549517257946e-10
353	1.0	0.0	0.0
n655655	1.1155543904649007e-10	0.999999999819993	6.845157796377081e-11
861	0.0	1.0	0.0
n656656	3.880905669378277e-09	0.9999999937377303	2.381364093657308e-09
835	0.0	1.0	0.0
723	0.0	1.0	0.0
765	0.0	1.0	0.0
n663663	1.1874857770448952e-10	0.999999999808386	7.286536267769963e-11
n665	7.016176128411479e-12	0.9999999999886787	4.305197995452628e-12
814	0.0	1.0	0.0
776	0.0	1.0	0.0
n670670	4.690708814826548e-13	0.9999999999992684	2.624842978210251e-13
787	0.0	1.0	0.0
879	0.0	1.0	0.0
n679679	2.4138535321176046e-07	0.9999996104980828	1.4811656397857238e-07
n680680	3.540517879655437e-10	0.9999999994286984	2.1724986046656054e-10
n683	3.4061071045647686e-10	0.9999999994503871	2.090022754730082e-10
725	0.0	1.0	0.0
760	0.0	1.0	0.0
n692	0.9999996502119777	2.0275266437567784e-07	1.4703535800894932e-07
n693	0.999998960645211	9.599196166242007e-07	7.943517236289176e-08
n694	0.9907597045075905	0.009240295488913211	3.496269230467901e-12
n706	0.9907321948951476	0.009267800779712983	4.32513941564577e-09
332	1.0	0.0	0.0
331	1.0	0.0	0.0
451	1.0	0.0	0.0
464	1.0	0.0	0.0
n733733	2.3657487807509955e-10	0.9999999996182602	1.4516480638903254e-10
849	0.0	1.0	0.0
745	0.0	1.0	0.0
n735735	1.1246705455411992e-11	0.9999999999818522	6.901095472322672e-12
n741741	4.663768803614113e-13	0.9999999999992474	2.861737057325831e-13
744	0.0	1.0	0.0
n752	9.542424842325956e-10	0.9999999984602244	5.855331157682819e-10
716	0.0	1.0	0.0
n63	4.761773354737365e-11	1.238960242840765e-11	0.9999999999399926
n68	8.62734722924961e-11	2.245211346144491e-11	0.9999999998912744
n72	5.951957832985106e-12	1.5492063723334e-12	0.9999999999924989
n7878	4.753085742299536e-11	1.2371577432543703e-11	0.9999999999400976
n7979	1.401604545656607e-10	3.64816880978088e-11	0.9999999998233579
n87	1.8021764851441742e-14	4.690798171477026e-15	0.9999999999999772
997	0.0	0.0	1.0
n569569	4.190868412229803e-13	1.0908209084069561e-13	0.9999999999994718
998	0.0	0.0	1.0
924	0.0	0.0	1.0
928	0.0	0.0	1.0
935	0.0	0.0	1.0
265	1.0	0.0	0.0
321	1.0	0.0	0.0
n613	0.9999956050197989	1.309021594598072e-06	3.0859586065498093e-06
267	1.0	0.0	0.0
273	1.0	0.0	0.0
n615615	0.999999999827731	5.1309442380678744e-11	1.209596663380357e-10
280	1.0	0.0	0.0
n646	0.999999991681507	2.47784355937277e-09	5.840649550266239e-09
352	1.0	0.0	0.0
n650	0.9999989955600149	2.991671470127768e-07	7.052728380432904e-07
797	0.0	1.0	0.0
859	0.0	1.0	0.0
893	0.0	1.0	0.0
n657	4.866888730756498e-11	0.9999999999214674	2.986373557774617e-11
n664	1.9754989433756024e-11	0.9999999999681232	1.2121867037171524e-11
714	0.0	1.0	0.0
n665665	2.2960112307230982e-10	0.9999999996295132	1.4088563725483297e-10
717	0.0	1.0	0.0
n671	7.369281213566313e-12	0.9999999999922224	4.083316409813523e-13
n673673	3.404072122266167e-12	0.9999999999945072	2.0887740611300796e-12
722	0.0	1.0	0.0
728	0.0	1.0	0.0
n681	5.638138267631075e-10	0.9999999990902241	3.4596202972804427e-10
n682	2.2709083564735303e-10	0.9999999996335639	1.39345299288316e-10
867	0.0	1.0	0.0
n683683	1.1191763278998238e-09	0.9999999981940854	6.867382381285328e-10
n692692	0.999999999748879	7.794096250370408e-11	1.7318011955732608e-10
333	1.0	0.0	0.0
329	1.0	0.0	0.0
525	1.0	0.0	0.0
n694694	0.9991322293614423	0.0008677619934364096	8.645121188417557e-09
n704704	0.9864650993944664	0.013534813827525872	8.677800769435663e-08
n706706	0.9910722954714389	0.008927607403962848	9.712459816854483e-08
n715715	0.024215221070762138	0.9757811557393409	3.6231898970125594e-06
823	0.0	1.0	0.0
721	0.0	1.0	0.0
n736	7.969934454458074e-10	0.9999999987139632	4.890434696313862e-10
749	0.0	1.0	0.0
781	0.0	1.0	0.0
n742	8.581839228600153e-14	0.9999999999998614	5.2659058316668696e-14
n752752	1.4749481755423596e-10	0.9999999997620008	9.050435451075031e-11
866	0.0	1.0	0.0
n6363	7.440298184014142e-13	1.9364362273433213e-13	0.9999999999990623
931	0.0	0.0	1.0
n6868	3.2701407168164696e-09	8.511691400433556e-10	0.99999999587869
n70	7.215910769042065e-11	1.878107806223956e-11	0.9999999999090599
n7272	2.5637684455299026e-10	6.673109125872624e-11	0.999999999676892
n7777	1.507720705703409e-10	3.9243734425505166e-11	0.9999999998099842
927	0.0	0.0	1.0
922	0.0	0.0	1.0
n80	4.543023150231214e-09	1.1824815651794679e-09	0.9999999942744953
n8080	6.015414187397611e-10	1.5654730948076048e-10	0.9999999992419113
n8787	1.6182222381703916e-15	4.2119925471629683e-16	0.999999999999998
n518	1.2006461928806459e-11	3.1251040165603016e-12	0.9999999999848685
n570	1.701006321325991e-10	4.4274672409665943e-11	0.9999999997856246
n571	2.529660914858319e-13	6.584332280763087e-14	0.9999999999996813
269	1.0	0.0	0.0
335	1.0	0.0	0.0
n616	0.9999999999927025	2.173538818959947e-12	5.124018467469563e-12
281	1.0	0.0	0.0
n646646	0.9999999946848132	1.5831119542570608e-09	3.732074846733801e-09
297	1.0	0.0	0.0
367	1.0	0.0	0.0
369	1.0	0.0	0.0
735	0.0	1.0	0.0
860	0.0	1.0	0.0
n664664	1.113930089045543e-09	0.9999999982025508	6.83519091388374e-10
798	0.0	1.0	0.0
n666	1.9476620532943958e-10	0.9999999996857232	1.1951056983657345e-10
801	0.0	1.0	0.0
n671671	6.242342319855869e-09	0.999999993450024	3.076336634306082e-10
n673	1.5446403235054592e-09	0.9999999975075535	9.478061481003872e-10
778	0.0	1.0	0.0
822	0.0	1.0	0.0
836	0.0	1.0	0.0
n681681	1.3342881996785229e-09	0.9999999978469787	8.187331205641244e-10
833	0.0	1.0	0.0
n682682	4.411141205697469e-08	0.9999999288213666	2.706722135037867e-08
n684	7.339217217514065e-10	0.9999999988157363	4.5034200380704773e-10
756	0.0	1.0	0.0
534	1.0	0.0	0.0
330	1.0	0.0	0.0
n695	0.9999999590216038	4.025115369260388e-08	7.272425461738722e-10
n704	0.9991711376066859	0.000828842465795282	1.992751897406824e-08
533	1.0	0.0	0.0
n705	0.5010328298394235	0.49896214432298336	5.025837593024255e-06
535	1.0	0.0	0.0
n707	0.9999998266821649	1.7149375599772532e-07	1.8240790356595679e-09
n716	0.007623316144045783	0.9923766778268895	6.0290646572477835e-09
318	0.0	1.0	0.0
n736736	3.363928733314256e-12	0.999999999994572	2.0641416673289006e-12
763	0.0	1.0	0.0
n742742	6.227682548709224e-11	0.9999999998995094	3.8213708014624706e-11
n744	1.1957922892797888e-07	0.9999998070457122	7.337505891039475e-08
746	0.0	1.0	0.0
n753	1.2540834366458863e-12	0.9999999999979764	7.695186435586036e-13
943	0.0	0.0	1.0
n64	7.064724564495287e-13	1.8388423446349345e-13	0.9999999999991096
n69	5.872871444235061e-11	1.5286213580448722e-11	0.9999999999259851
n6969	1.5585709089461882e-10	4.0567289818747966e-11	0.9999999998035756
n7070	6.783151190568096e-09	1.7655536783716282e-09	0.9999999914512951
923	0.0	0.0	1.0
991	0.0	0.0	1.0
n73	1.076629559334476e-11	2.8023071077677465e-12	0.9999999999864314
n78	9.103195449742422e-08	2.369426799685985e-08	0.9999998852737776
1018	0.0	0.0	1.0
1025	0.0	0.0	1.0
1031	0.0	0.0	1.0
n81	4.507226213134406e-10	1.843305157858762e-11	0.9999999995308444
n8383	1.691438465529655e-12	4.40200929059597e-13	0.9999999999978683
n8888	2.3347994711089132e-14	6.0771368353896615e-15	0.9999999999999706
n153153	1.588497959996314e-12	4.134624658386612e-13	0.999999999997998
n518518	3.946706220399549e-15	1.0272691101416126e-15	0.9999999999999951
n566	8.686873444781554e-10	2.2610643547292314e-10	0.9999999989052062
n570570	4.177743514521818e-10	1.0874046921405387e-10	0.9999999994734852
908	0.0	0.0	1.0
n571571	2.5647512303181487e-09	6.675667168955901e-10	0.999999996767682
n572	9.11041572453123e-13	2.3713061301562743e-13	0.9999999999988518
282	1.0	0.0	0.0
n616616	0.9999999999307444	2.0627410327886774e-11	4.8628177483731395e-11
n647	0.9999999999385845	1.8292298671110437e-11	4.312325816675821e-11
300	1.0	0.0	0.0
85	0.0	1.0	0.0
743	0.0	1.0	0.0
n666666	6.640679701472114e-11	0.9999999998928452	4.074790151005498e-11
846	0.0	1.0	0.0
n672	1.3116409030587389e-06	0.9999986237704536	6.458864343159313e-08
n672672	1.674664541633132e-08	0.9999999729781088	1.0275245820381292e-08
820	0.0	1.0	0.0
821	0.0	1.0	0.0
750	0.0	1.0	0.0
739	0.0	1.0	0.0
887	0.0	1.0	0.0
757	0.0	1.0	0.0
n684684	4.054863141132361e-08	0.9999999345703066	2.488106208088789e-08
884	0.0	1.0	0.0
n695695	0.999999993885664	5.978435478949841e-09	1.3590063568846227e-10
327	1.0	0.0	0.0
270	1.0	0.0	0.0
328	1.0	0.0	0.0
n705705	0.015599568351649959	0.9844001200638148	3.115845352529088e-07
n707707	0.9999999737911395	7.839914733604656e-09	1.8368945778319275e-08
n712	0.9999999974312378	2.539317995213365e-09	2.944427159307041e-11
n716716	0.016804036222945185	0.983195834803747	1.2897330785578063e-07
n727	0.005190603337208026	0.994809340858826	5.580396589734681e-08
724	0.0	1.0	0.0
747	0.0	1.0	0.0
n743	2.5711934794148754e-11	0.999999999958511	1.5777110683304163e-11
n743743	1.7413711068121894e-08	0.9999999719010547	1.0685234274604661e-08
733	0.0	1.0	0.0
n744744	5.249580563773817e-11	0.9999999999152923	3.2211972478410996e-11
n753753	2.244450597916995e-13	0.9999999999996377	1.3772182369800922e-13
n754754	3.9739482061901125e-13	0.9999999999993587	2.4384559622112705e-13
n6464	8.402001494569081e-14	2.1869164062956166e-14	0.9999999999998941
970	0.0	0.0	1.0
951	0.0	0.0	1.0
1000	0.0	0.0	1.0
978	0.0	0.0	1.0
999	0.0	0.0	1.0
967	0.0	0.0	1.0
969	0.0	0.0	1.0
n7373	5.6276828956468687e-11	1.4648024143497234e-11	0.9999999999290751
n7474	1.2181831029739744e-09	3.170749993281577e-10	0.9999999984647419
694	0.0	0.0	1.0
912	0.0	0.0	1.0
n8181	1.0858151924036842e-08	1.992584195628565e-11	0.9999999891219222
20	0.0	0.0	1.0
1102	0.0	0.0	1.0
n84	2.408902642652744e-15	6.270008203204666e-16	0.999999999999997
n89	2.1637749880846455e-09	5.631985464404205e-10	0.9999999972730265
n150150	1.611788954573506e-12	4.195247663843559e-13	0.9999999999979686
n154	2.5782286165983785e-15	6.710746807108844e-16	0.9999999999999968
988	0.0	0.0	1.0
n519	1.2691531302765466e-11	3.303417416867279e-12	0.999999999984005
n564564	1.8131186670910324e-10	4.719279053750276e-11	0.9999999997714953
1013	0.0	0.0	1.0
