node	GIN	LBR	SLE
root	0.9960282283733312	0.00103234714506598	0.002939424481602794
n0	0.999989712868723	2.6738414440333554e-06	7.613289832908732e-06
n34	0.9999838683484928	4.193660610258956e-06	1.1937990896951588e-05
n00	0.9999898931557245	2.6269810660368634e-06	7.479863209477079e-06
510	1.0	0.0	0.0
n3434	0.9999999860277656	3.6283959629673804e-09	1.0343838507955234e-08
n769	0.9999998916059649	9.985433686712854e-08	8.539698182853051e-09
n1	0.9999897133951567	2.6737046057304024e-06	7.6129002375418295e-06
n22	0.9999936310503355	1.6554235377250833e-06	4.713526126735813e-06
n35	0.9999981187610444	4.889716310548365e-07	1.3922673245603253e-06
n40	0.9999999788738752	5.48579656185369e-09	1.564032827706596e-08
n769769	0.9999999991185216	2.3075528439321683e-10	6.507231306883531e-10
n777777	0.999999889898796	1.0406757036126686e-07	6.033633662422023e-09
n11	0.9999999939694734	1.567460276537559e-09	4.46306627940364e-09
149	1.0	0.0	0.0
n3	0.999999452456536	1.4231802506810878e-07	4.052254389481853e-07
492	1.0	0.0	0.0
n3535	0.9999999652260464	9.038479495587298e-09	2.5735474109830988e-08
n3838	0.9999999480339378	1.35070689300586e-08	3.845899327218771e-08
n4040	0.9999910886215825	2.3162537342924795e-06	6.595124683218248e-06
n49	0.999997509778457	1.9987259208886965e-07	2.290348950828269e-06
n770	0.9999999999936151	1.6692541739684799e-12	4.7156619628963775e-12
388	1.0	0.0	0.0
n778	0.9999999986701329	3.459519556171443e-10	9.839152189978097e-10
n779	0.9999796930643987	2.0050983753616094e-05	2.559518476787282e-07
n2	0.9999999999762531	6.1723340126390626e-12	1.7574630891503687e-11
482	1.0	0.0	0.0
n33	0.9999999992341442	1.9906196202455322e-10	5.667937770028393e-10
n5	0.9999970184938713	7.749559473410472e-07	2.206550181311736e-06
n36	0.9999999586388556	1.0750628537283876e-08	3.0610515911238564e-08
n3737	0.9999999975662092	6.325932523550018e-10	1.8011975529931677e-09
n39	0.9999999480144397	1.3512136907584536e-08	3.847342343006942e-08
n3939	0.9999999922691739	2.0094037394983603e-09	5.721422231871538e-09
n41	0.9999884528977067	3.0013339434195875e-06	8.545768349939409e-06
n42	0.9999999949225257	1.3197420129689914e-09	3.757732281694051e-09
n4949	0.9999998376485089	2.6985946037372702e-08	1.353655450571773e-07
n50	0.9997083733460055	7.35458723297042e-07	0.00029089119527131603
n770770	0.9999999998864547	2.951628376287686e-11	8.402906486268593e-11
n776776	0.9999999966351265	8.746011733777464e-10	2.4902723520632654e-09
n778778	0.9999999999948119	1.3494820141206251e-12	3.83860736044661e-12
397	1.0	0.0	0.0
378	1.0	0.0	0.0
n779779	0.993029576045437	0.006931666723084199	3.875723147882236e-05
472	1.0	0.0	0.0
461	1.0	0.0	0.0
n4	0.9999999177320023	2.138317728831516e-08	6.088482046647032e-08
n44	0.9999999995563895	1.1530364992811881e-10	3.283067773486273e-10
n55	0.9999998957984425	2.708416929845946e-08	7.711738826209153e-08
n6	0.9999999976745505	6.044330590168439e-10	1.7210163759194987e-09
n3636	0.9999999949962285	1.3005851100309292e-09	3.7031863814252755e-09
382	1.0	0.0	0.0
442	1.0	0.0	0.0
n38	0.9999999949052327	1.3242368146823037e-09	3.770530433261853e-09
394	1.0	0.0	0.0
393	1.0	0.0	0.0
395	1.0	0.0	0.0
441	1.0	0.0	0.0
391	1.0	0.0	0.0
n4141	0.9999999999943895	1.4582768408512907e-12	4.152185732744925e-12
n4242	0.9999999988788815	2.914022105653794e-10	8.297163254631014e-10
n4343	0.9999995123743889	1.2674411892477198e-07	3.6088149211265697e-07
443	1.0	0.0	0.0
387	1.0	0.0	0.0
n5050	8.241265595257446e-06	2.199865384146451e-08	0.9999917367357509
377	1.0	0.0	0.0
n771	0.9999999950867015	1.2770726213176252e-09	3.636225914696032e-09
399	1.0	0.0	0.0
375	1.0	0.0	0.0
n777	0.999999995814078	1.0880088928588473e-09	3.09791314909567e-09
392	1.0	0.0	0.0
396	1.0	0.0	0.0
390	1.0	0.0	0.0
389	0.0	1.0	0.0
467	1.0	0.0	0.0
505	1.0	0.0	0.0
463	1.0	0.0	0.0
449	1.0	0.0	0.0
508	1.0	0.0	0.0
509	1.0	0.0	0.0
n66	0.999999999981764	4.739926840712538e-12	1.3496104483669489e-11
473	1.0	0.0	0.0
383	1.0	0.0	0.0
n37	0.9999999936513377	1.6501504030063446e-09	4.698511810249084e-09
385	1.0	0.0	0.0
384	1.0	0.0	0.0
379	1.0	0.0	0.0
380	1.0	0.0	0.0
412	1.0	0.0	0.0
n43	0.9999999958783418	1.0713053795901326e-09	3.050352846700914e-09
n4444	0.9999999991688291	2.1603873533031763e-10	6.151321404222472e-10
411	1.0	0.0	0.0
n51	2.7693300168179517e-06	1.7502972459491285e-08	0.9999972131670107
n5757	1.1564630798133716e-05	1.7495547274094665e-08	0.9999884178736546
n771771	0.9999999976799975	6.030172829574188e-10	1.716985203568326e-09
n775775	0.9999996858198473	8.166200820169727e-08	2.3251814456464697e-07
374	1.0	0.0	0.0
376	1.0	0.0	0.0
n7	0.9999999999993722	1.6318218551244583e-13	4.646325374536141e-13
476	1.0	0.0	0.0
386	1.0	0.0	0.0
381	1.0	0.0	0.0
413	1.0	0.0	0.0
408	1.0	0.0	0.0
n45	0.9999999956453424	1.1318668050454135e-09	3.2227908083054228e-09
n48	0.9999999993224891	1.7609927337197579e-10	5.014115769122645e-10
n5151	2.7123301317116584e-06	4.777617452959176e-10	0.9999972871921065
n56	1.2515612945077135e-05	0.005516990969774568	0.9944704934172803
n58	0.0013285653068307146	9.946943809050737e-07	0.9986704399987884
n768768	3.438247186311979e-05	2.2928494910028346e-08	0.999965594599642
n772	0.9999999999934887	1.6924218192463526e-12	4.818872201475872e-12
406	1.0	0.0	0.0
398	1.0	0.0	0.0
n776	0.9999999999986214	3.5833160678133704e-13	1.0202859590120273e-12
n77	0.999999999998102	4.933610511784707e-13	1.4047584528046565e-12
n2727	0.9999999969353687	7.963165990990561e-10	2.2683147468566775e-09
416	1.0	0.0	0.0
n4545	0.9999999999541388	1.1920275957337299e-11	3.394088033726671e-11
420	1.0	0.0	0.0
n4848	0.9999999475791839	1.362526906321301e-08	3.8795547057190424e-08
n52	1.9021875649366994e-06	4.164522726203529e-10	0.9999980973959828
n5353	0.00020012367626051113	2.7846128715696218e-08	0.9997998484776107
914	0.0	0.0	1.0
n5656	7.566187417890676e-06	0.4842473261616936	0.5157451076508885
n5858	1.3720260769502548e-05	3.5026853865980443e-10	0.999986279388962
n768	0.9615412057239704	2.8170132494756814e-05	0.03843062414353488
415	1.0	0.0	0.0
919	0.0	0.0	1.0
n772772	0.9999999899895806	2.6019178540357664e-09	7.40850151852964e-09
n775	0.999999999530788	1.21958042627358e-10	3.472539852093578e-10
400	1.0	0.0	0.0
401	1.0	0.0	0.0
n8	0.9999999999513998	1.2632201662343652e-11	3.59679630366119e-11
478	1.0	0.0	0.0
n28	0.9999999986525785	5.915140881605414e-11	1.288270069084631e-09
n3333	0.9999999884642509	2.998373868333743e-09	8.537375280982555e-09
n46	0.9999998615797157	3.597833374810751e-08	1.0244195057641382e-07
n47	0.9999999999999925	1.9798524209936267e-15	5.637280071945823e-15
418	1.0	0.0	0.0
302	0.9831894006610877	0.00436942718672019	0.012441172152192105
n5252	4.819066143760225e-08	9.039528968791146e-09	0.9999999427698096
921	0.0	0.0	1.0
920	0.0	0.0	1.0
n54	0.9879486023356072	1.6518418336184306e-06	0.012049745822559122
n57	1.5918676588905666e-07	0.9947163466988078	0.005283494114426222
422	0.0	0.0	1.0
431	0.0	0.0	1.0
n59	1.3606736216112145e-05	2.0775609153958125e-10	0.9999863930560278
437	1.0	0.0	0.0
414	1.0	0.0	0.0
n773	0.9999999995812994	1.0882906326430215e-10	3.098715354149882e-10
n774774	0.9999999992003015	2.0785839620422854e-10	5.91840069635417e-10
405	1.0	0.0	0.0
402	1.0	0.0	0.0
n88	0.9999999938284794	1.6041075729044488e-09	4.567412983970605e-09
477	1.0	0.0	0.0
480	1.0	0.0	0.0
n2828	0.9999999952532309	1.4949548611863442e-10	4.597273601112487e-09
490	1.0	0.0	0.0
481	1.0	0.0	0.0
n4646	0.9999999621463188	9.83896529971388e-09	2.801471585685531e-08
432	1.0	0.0	0.0
417	1.0	0.0	0.0
n4747	0.9999999999990684	2.421310983276817e-13	6.89425535422465e-13
n53	6.895260920771874e-08	1.493269111269931e-08	0.9999999161146997
917	0.0	0.0	1.0
n5454	0.9889437383171717	1.5530543197575454e-06	0.011054708628508539
315	1.0	0.0	0.0
428	0.0	1.0	0.0
434	0.0	1.0	0.0
426	0.0	1.0	0.0
n5959	0.0016369177914039674	3.346961683571943e-06	0.9983597352469125
n6060	3.797811566723575e-08	7.967253508375738e-13	0.9999999620210877
n773773	0.999999999799934	5.2001338538468075e-11	1.4806462661004472e-10
410	1.0	0.0	0.0
404	1.0	0.0	0.0
421	1.0	0.0	0.0
n9	0.9999998401337886	4.1552579775605706e-08	1.1831363157330763e-07
n2323	0.9999828287527734	4.463167133368629e-06	1.2708080093199802e-05
n29	0.9976201382032718	1.6848202483863385e-05	0.002363013594244468
n32	0.9999999998449228	4.020588676222472e-11	1.1487135820742094e-10
515	1.0	0.0	0.0
514	1.0	0.0	0.0
425	1.0	0.0	0.0
419	1.0	0.0	0.0
899	0.0	0.0	1.0
424	0.0	0.0	1.0
278	1.0	0.0	0.0
n5555	0.9890080135002687	1.5896081652912951e-06	0.010990396891566081
454	1.0	0.0	0.0
n60	0.9999997443388601	9.974722785568877e-09	2.456864172108182e-07
n61	1.2790092887312016e-11	1.1049653067403928e-14	0.9999999999871989
n764764	2.1178663166654141e-10	4.579011753595915e-11	0.9999999997424232
403	1.0	0.0	0.0
n774	0.9999999829950627	4.4199397085279276e-09	1.2584997636127711e-08
n99	0.9999999993263251	1.751022167767384e-10	4.985726343651664e-10
144	1.0	0.0	0.0
236	1.0	0.0	0.0
n24	0.9999992038904028	2.0692557400458306e-07	5.891840231841916e-07
180	1.0	0.0	0.0
n2929	0.9902874351295454	5.541483335960206e-05	0.00965715003709499
n3232	0.9999999999978995	5.453850797491158e-13	1.5552042222136967e-12
507	1.0	0.0	0.0
317	1.0	0.0	0.0
275	1.0	0.0	0.0
217	1.0	0.0	0.0
203	1.0	0.0	0.0
n6161	6.346297711734581e-14	1.853286626174289e-14	0.9999999999999181
n623623	1.0524166280369236e-11	2.282097046138679e-12	0.9999999999871937
941	0.0	0.0	1.0
n765	1.7383212954836108e-12	3.76302494094332e-13	0.9999999999978854
407	1.0	0.0	0.0
409	1.0	0.0	0.0
n10	0.9999999999955383	1.1596721117375429e-12	3.3019615079231324e-12
n1212	0.9999999997794017	5.733811289930757e-11	1.6326014898020866e-10
n2424	0.9999991809658872	2.1288413620990816e-07	6.061499766165545e-07
n2525	0.9999980809074418	4.988123878495392e-07	1.4202801703031432e-06
145	1.0	0.0	0.0
n30	0.002654235273194487	1.3559539849139374e-05	0.9973322051869563
469	1.0	0.0	0.0
498	1.0	0.0	0.0
n62	2.286962578693178e-13	1.4887621740514618e-11	0.9999999999848838
n87	3.796322785976893e-11	8.232497072311293e-12	0.9999999999538043
n624	1.816857774963792e-10	3.9399376330083305e-11	0.9999999997789148
n627627	7.039846075344529e-13	1.5332260199704372e-13	0.9999999999991427
n765765	7.790367869108452e-14	1.689341801506116e-14	0.9999999999999052
956	0.0	0.0	1.0
153	1.0	0.0	0.0
n1010	0.9999999999998307	4.401710754273737e-14	1.2533093908627664e-13
234	1.0	0.0	0.0
n13	0.9999999994308136	1.479434711061277e-10	4.212429030556268e-10
165	1.0	0.0	0.0
n25	0.9999999992241733	2.0165361190057717e-10	5.741730422677197e-10
n26	0.9999999975023461	6.491925783296821e-10	1.848461201384073e-09
161	1.0	0.0	0.0
n3030	0.00030297843878043866	1.205851716215963e-07	0.9996969009760479
1221	0.0	0.0	1.0
n6262	1.932364549523216e-08	7.09932956219816e-11	0.9999999806053612
n7676	2.5704054550337824e-11	5.347759264434215e-07	0.9999994651983695
n8787	4.662185947766067e-13	1.0110159646340705e-13	0.9999999999994327
930	0.0	0.0	1.0
n624624	3.20765988728711e-15	6.955954438713054e-16	0.9999999999999961
966	0.0	0.0	1.0
n628	3.751049493540937e-08	8.134319190595513e-09	0.9999999543551858
n629	3.440736222303422e-13	2.1415843361387552e-13	0.9999999999994417
n766	5.782502982322018e-09	1.2539617260421578e-09	0.9999999929635353
n766766	7.935377852987446e-11	1.7208222927357825e-11	0.999999999903438
n1111	0.9999999999989831	2.6427354265800913e-13	7.524722346834532e-13
n12	0.9999999839044429	4.1835727250378835e-09	1.1911984399602915e-08
n1313	0.9999999995106207	1.2719994799890508e-10	3.621793848891533e-10
154	1.0	0.0	0.0
163	1.0	0.0	0.0
168	1.0	0.0	0.0
n2626	0.9999999999649584	9.10805690988167e-12	2.5933583315495857e-11
211	1.0	0.0	0.0
n31	0.0003038695218700196	1.3013214286613066e-07	0.999696000345987
1429	0.0	0.0	1.0
939	0.0	0.0	1.0
n63	0.00010473018056627524	2.6741046567628246e-07	0.999895002408968
n7777	3.1292527669562287e-09	0.00010070243331781408	0.9998992944374294
n86	5.382019686119163e-08	1.2292009465331929e-08	0.9999999338877936
918	0.0	0.0	1.0
n8888	5.518468431092222e-14	1.1966983952835722e-14	0.9999999999999328
n625	3.539421962772817e-13	7.675395390607967e-14	0.9999999999995692
n626626	2.6969196421862035e-12	5.848391293322839e-13	0.9999999999967182
942	0.0	0.0	1.0
n628628	2.385847383660245e-09	5.173817138464595e-10	0.9999999970967709
n629629	6.180416203212922e-13	6.036620625175839e-11	0.9999999999390157
913	0.0	0.0	1.0
959	0.0	0.0	1.0
926	0.0	0.0	1.0
n767	2.9114922662075893e-09	6.31370165830212e-10	0.9999999964571376
15	0.0	0.0	1.0
152	1.0	0.0	0.0
147	1.0	0.0	0.0
232	1.0	0.0	0.0
231	1.0	0.0	0.0
n14	0.9999999999935433	1.6782069270733565e-12	4.778397806965898e-12
157	1.0	0.0	0.0
n27	0.9999999999998971	2.6743502685063624e-14	7.614740025161911e-14
212	1.0	0.0	0.0
179	1.0	0.0	0.0
n3131	1.2967163657531784e-05	1.380365460746995e-07	0.9999868947997964
n6363	0.9998745315488754	3.209721066265155e-07	0.0001251474790178946
915	0.0	0.0	1.0
n78	2.1428630395613635e-07	0.013732291607313419	0.9862674941063826
n85	1.288340174710808e-12	1.732225465516203e-12	0.9999999999969794
n8686	1.0333477341353662e-09	2.243022882242345e-10	0.9999999987423499
989	0.0	0.0	1.0
n89	8.696700119580499e-12	1.6316788148903707e-12	0.9999999999896716
n543543	2.724331656232889e-13	5.907835464630924e-14	0.9999999999996685
n625625	8.56555739491535e-13	1.8574795669577934e-13	0.9999999999989577
911	0.0	0.0	1.0
947	0.0	0.0	1.0
n627	3.659027621494047e-10	7.934765629956459e-11	0.9999999995547495
948	0.0	0.0	1.0
936	0.0	0.0	1.0
n630	2.364530888244259e-08	5.1276422236930755e-09	0.9999999712270489
n630630	7.661911548385153e-13	1.4536501960506094e-08	0.9999999854627318
1032	0.0	0.0	1.0
n767767	1.8726483313309525e-07	4.060921958925503e-08	0.9999997721259473
155	1.0	0.0	0.0
n1414	0.9999999946141003	1.3999082228034383e-09	3.985991401824955e-09
176	1.0	0.0	0.0
238	1.0	0.0	0.0
1500	0.0	0.0	1.0
1503	0.0	0.0	1.0
n64	0.999989579680749	2.707268179411287e-07	1.0149592433061285e-05
n6969	0.9998797242669291	3.092745799885504e-07	0.00011996645849090796
n7878	1.4457614411531377e-07	0.9907769709864181	0.009222884437437724
996	0.0	0.0	1.0
n8585	2.5605214705513947e-11	5.766085531219995e-12	0.9999999999686287
938	0.0	0.0	1.0
423	0.0	0.0	1.0
937	0.0	0.0	1.0
n8989	4.880899555028336e-10	1.0584445149532392e-10	0.9999999994060655
n524	2.687873269644211e-11	5.127756055393938e-13	0.9999999999726085
n544	2.5468933604120395e-09	5.523052567476946e-10	0.9999999969008013
n557	2.0089384665341176e-13	4.3564732343797756e-14	0.9999999999997555
n626	7.905501328302203e-14	1.71434344629993e-14	0.9999999999999039
968	0.0	0.0	1.0
944	0.0	0.0	1.0
933	0.0	0.0	1.0
977	0.0	0.0	1.0
925	0.0	0.0	1.0
n631	1.1832305991872348e-10	7.145724051332399e-06	0.9999928541576256
901	0.0	0.0	1.0
1063	0.0	0.0	1.0
1033	0.0	0.0	1.0
n15	0.999999988005074	3.1177327478937494e-09	8.877193321577831e-09
n2222	0.9999999932722475	1.7486839297104373e-09	4.979068623782183e-09
n6464	0.9999999975765449	4.824043375306627e-10	1.941050713675695e-09
340	1.0	0.0	0.0
373	1.0	0.0	0.0
n70	0.9999999973729007	4.920056152676352e-10	2.13509371682161e-09
830	0.0	1.0	0.0
n79	2.442914151120566e-09	0.9999215482798858	7.844927720014375e-05
433	0.0	0.0	1.0
964	0.0	0.0	1.0
n90	1.0387183997969455e-08	2.2525074668663055e-09	0.9999999873603085
n91	2.8273698024428154e-11	6.1312783200618605e-12	0.9999999999655951
n524524	0.0014938846629780622	1.5822627174481486e-05	0.9984902927098475
n525	1.6539957911904443e-12	3.0867068112261174e-13	0.9999999999980373
n544544	2.3830668596107842e-11	5.1677874472581886e-12	0.9999999999710015
n548	1.035038727211411e-10	2.244527936903817e-11	0.9999999998740509
n557557	7.975527921400757e-15	1.7295290273225186e-15	0.9999999999999903
n609609	1.0094680104365655e-09	2.1890766898561987e-10	0.9999999987716244
900	0.0	0.0	1.0
916	0.0	0.0	1.0
n631631	9.377544750326306e-10	0.0009875384490395163	0.9990124606132059
945	0.0	0.0	1.0
237	1.0	0.0	0.0
n1515	0.9999999735725628	6.869044956680003e-09	1.9558392250346823e-08
177	1.0	0.0	0.0
n23	0.999999999921771	2.0333364207287183e-11	5.7895663144341284e-11
n65	0.9999999999901695	2.0024663224937037e-12	7.828013164550734e-12
262	1.0	0.0	0.0
n7070	0.9999999987949296	3.132183837871042e-10	8.918520047796001e-10
n73	0.9999999999871219	2.4781108371991295e-12	1.0400050519045342e-11
n7979	1.7845313586772717e-14	0.9999999996223776	3.776045407497966e-10
785	0.0	1.0	0.0
1018	0.0	0.0	1.0
n9090	1.4884152289368553e-10	3.227695230357507e-11	0.9999999998188815
n9191	3.0540568427757963e-10	6.622859342640289e-11	0.9999999996283657
n158158	1.804825109621112e-13	3.9138442583565623e-14	0.9999999999997803
1002	0.0	0.0	1.0
475	1.0	0.0	0.0
988	0.0	0.0	1.0
n525525	3.380743623300498e-13	7.319989232976442e-14	0.9999999999995888
n545	4.7972623672501805e-11	1.0403078764952751e-11	0.9999999999416243
n547	8.982274454614738e-12	1.947846531757286e-12	0.9999999999890699
n548548	1.1202391603483865e-10	2.4292889003168526e-11	0.9999999998636833
n556	6.166287789104645e-07	1.3371871839936954e-07	0.9999992496525028
n558	3.4668217502729356e-13	7.517958571195177e-14	0.9999999999995782
n564564	6.849333363052662e-10	1.4853086825038272e-10	0.9999999991665357
n610	4.639933375965106e-11	1.0061903785755737e-11	0.9999999999435387
n623	3.087928147242828e-08	6.6963107866654795e-09	0.9999999624244077
n632	6.502839987121659e-06	0.0010507878407384175	0.9989427093192745
n632632	1.1169689099473459e-07	0.008182760752632714	0.9918171275504762
n16	0.9999999996591307	8.859908308093929e-11	2.522702400182883e-10
n2121	0.9999999994203366	1.506666739924979e-10	4.2899674228142914e-10
239	1.0	0.0	0.0
182	1.0	0.0	0.0
n6565	0.9999999893323366	2.7722068364178967e-09	7.89545658995546e-09
n6666	0.99999999930102	1.8125060782746538e-10	5.177294747970178e-10
273	1.0	0.0	0.0
n71	0.9999999999065295	2.4294626824880155e-11	6.917584353206764e-11
n7373	0.9999999999891794	2.770232163520665e-12	8.050415996818578e-12
n76	0.9999967180264411	8.530534767532168e-07	2.4289200821757445e-06
n80	1.0632430371522991e-14	0.9999999999999054	8.398587011727355e-14
n84	2.25776924081803e-11	0.9999999998489211	1.2850122745561515e-10
978	0.0	0.0	1.0
976	0.0	0.0	1.0
n92	4.338474754682993e-15	9.40817723475834e-16	0.9999999999999948
1013	0.0	0.0	1.0
n159	4.237841604538874e-10	9.189949731826396e-11	0.9999999994843163
n159159	1.1748366086429026e-11	2.5476859175137086e-12	0.999999999985704
n526	1.7833420573958218e-07	3.8672572952025316e-08	0.9999997829932213
n526526	3.7373980820091413e-13	8.104686993567187e-14	0.9999999999995453
n545545	1.9493741731083124e-12	4.2273053906023284e-13	0.999999999997628
n546	2.498821836219947e-10	5.41880730961161e-11	0.9999999996959298
927	0.0	0.0	1.0
n547547	3.3028057739487337e-09	7.162282564800472e-10	0.9999999959809659
n549	5.76587877549676e-09	1.2503566921843815e-09	0.9999999929837645
1025	0.0	0.0	1.0
998	0.0	0.0	1.0
n556556	8.226663209328642e-06	1.7839888417118465e-06	0.999989989347949
n558558	4.312641088281206e-09	9.352155769641106e-10	0.9999999947521433
n560	5.7946499722575e-13	1.2565958553415525e-13	0.9999999999992948
993	0.0	0.0	1.0
n565	7.553627030288349e-08	1.6380379254138842e-08	0.9999999080833504
n610610	1.345323630925919e-13	2.9173946775182966e-14	0.9999999999998362
951	0.0	0.0	1.0
1015	0.0	0.0	1.0
905	0.0	0.0	1.0
910	0.0	0.0	1.0
766	0.0	1.0	0.0
950	0.0	0.0	1.0
n633	6.524496665193982e-41	1.0	4.1900692066418655e-36
n1616	0.9999999999999908	2.3808674554963194e-15	6.77909955231808e-15
n1919	0.9999999990919876	2.360114871659016e-10	6.720010235323077e-10
247	1.0	0.0	0.0
172	1.0	0.0	0.0
283	1.0	0.0	0.0
326	1.0	0.0	0.0
n67	0.9999999997879361	5.511984739552457e-11	1.5694410854809137e-10
263	1.0	0.0	0.0
n7171	0.9999999945822635	1.408182999469182e-09	4.009553508827529e-09
n72	0.9999996335531768	9.524721152738907e-08	2.711996116122386e-07
n74	0.999999999810981	4.910970891962813e-11	1.399092568173408e-10
282	1.0	0.0	0.0
338	1.0	0.0	0.0
354	1.0	0.0	0.0
n8080	6.377891816932683e-11	0.9999999998968404	3.938067078500573e-11
n8282	3.298043111524764e-11	0.9999999999466255	2.039403441153691e-11
n8484	1.8670631689840467e-09	0.9999999968686814	1.2642553658006451e-09
862	0.0	1.0	0.0
n9292	5.051918907367703e-13	1.0955312902267878e-13	0.9999999999993853
n94	7.717577574158995e-15	1.6735913367321082e-15	0.9999999999999906
907	0.0	0.0	1.0
906	0.0	0.0	1.0
n160	3.1286215164658574e-12	6.78455618431316e-13	0.9999999999961929
903	0.0	0.0	1.0
932	0.0	0.0	1.0
997	0.0	0.0	1.0
n527	2.6733458273660502e-11	5.797270417791157e-12	0.9999999999674692
n539539	2.0343329034582783e-11	4.4115421762139134e-12	0.999999999975245
912	0.0	0.0	1.0
1006	0.0	0.0	1.0
999	0.0	0.0	1.0
n546546	4.568912791932187e-12	9.907892461574004e-13	0.9999999999944402
62	0.0	0.0	1.0
970	0.0	0.0	1.0
n549549	5.809180647133309e-10	1.2597423360025373e-10	0.9999999992931077
1031	0.0	0.0	1.0
56	0.0	0.0	1.0
42	0.0	0.0	1.0
922	0.0	0.0	1.0
n559	3.494884414754731e-10	7.578813718695907e-11	0.9999999995747234
n560560	5.918015169655553e-12	1.283348152112883e-12	0.9999999999927986
902	0.0	0.0	1.0
n565565	7.982456513760213e-08	1.7310315236741532e-08	0.9999999028651196
589	0.0	0.0	1.0
n611	4.2753498039740954e-10	9.271287945829444e-11	0.9999999994797522
n611611	4.842485103580387e-12	1.0501146298473855e-12	0.9999999999941074
886	0.0	1.0	0.0
873	0.0	1.0	0.0
n633633	1.5176676307784195e-08	0.9999999754524113	9.370912442863707e-09
870	0.0	1.0	0.0
n634	2.0822073766077963e-07	0.9999996632123573	1.2856690502167921e-07
440	0.0	1.0	0.0
n636	9.80693472373071e-07	0.9999984137725834	6.055339440943646e-07
n636636	3.473507995181312e-11	0.9999999999438176	2.1447217491655616e-11
n644	1.1660784394249574e-07	0.9999998113952187	7.199693734274634e-08
n655	1.1815030511149468e-10	0.9999999998088972	7.295247930731531e-11
n664664	9.028836011490039e-13	0.9999999999985398	5.571901364108236e-13
n680	6.488705628555863e-11	0.9999999998950485	4.0064456807135825e-11
878	0.0	1.0	0.0
n734734	8.764782270974094e-12	0.9999999999858233	5.411857351133951e-12
856	0.0	1.0	0.0
n759759	1.3225852346995336e-10	0.9999999997860778	8.1663667203845e-11
n17	0.9999999999817987	4.7309245866085364e-12	1.347047214791e-11
n19	0.9999999999989839	2.6406246123633903e-13	7.518712176180795e-13
n20	0.999999998970331	2.6763253638025576e-10	7.620363760161234e-10
n21	0.9999999966240103	8.774904948936261e-10	2.498499195057751e-09
n6767	0.9999993306259434	1.7398435011449334e-07	4.95389706492743e-07
n68	0.9999999998983811	2.641285379626522e-11	7.520595308911554e-11
489	1.0	0.0	0.0
277	1.0	0.0	0.0
n7272	0.9999993332907035	1.7329172308348837e-07	4.934175733588901e-07
348	1.0	0.0	0.0
n7474	0.9999999903372302	2.5115365723886883e-09	7.151233208993321e-09
272	1.0	0.0	0.0
n81	1.7596242843684618e-09	0.9999999971538872	1.086488620530488e-09
n8181	3.130783893588053e-07	0.9999994936098396	1.9331177097118028e-07
n83	1.0017209758010254e-10	0.9999999998379762	6.18517478222772e-11
n8383	3.7456646764752984e-09	0.9999999939415268	2.3128085252625864e-09
883	0.0	1.0	0.0
774	0.0	1.0	0.0
n93	3.8907677068576187e-13	8.437304406549543e-14	0.9999999999995265
n9393	3.1891741082090196e-10	6.915867197370688e-11	0.999999999611924
n9494	6.462171306530231e-10	1.4013508527987025e-10	0.9999999992136478
n9696	2.743740560631443e-12	5.949924556493599e-13	0.9999999999966613
n160160	1.1028313475034207e-13	2.391539274798431e-14	0.9999999999998659
n354	2.174102652967622e-11	4.714639185948738e-12	0.9999999999735443
n527527	9.114188767509979e-10	1.9764527425962494e-10	0.9999999988909359
n528528	2.5144440129787076e-12	5.452684701102678e-13	0.9999999999969403
694	0.0	0.0	1.0
n540	3.1089065884297584e-10	6.741803475678045e-11	0.9999999996216913
931	0.0	0.0	1.0
1038	0.0	0.0	1.0
n550	1.2187308759993815e-09	2.6428726047108925e-10	0.9999999985169818
n551551	2.484504243021945e-13	5.33055419882438e-14	0.9999999999996982
n559559	5.34339974496972e-10	1.1587402181509554e-10	0.999999999349786
987	0.0	0.0	1.0
n561	7.636564148139927e-11	1.6560232116771136e-11	0.9999999999070741
7	0.0	0.0	1.0
n566	9.538440705173805e-06	2.0684536795020707e-06	0.9999883931056153
n567	9.064388032281023e-10	1.965653229634936e-10	0.9999999988969959
955	0.0	0.0	1.0
953	0.0	0.0	1.0
n612	2.933416779642438e-13	6.36124595089563e-14	0.9999999999996431
n622	6.979741691768373e-08	1.5135883139139604e-08	0.9999999150666999
889	0.0	1.0	0.0
324	0.0	1.0	0.0
n634634	4.1149353735930994e-08	0.9999999334427782	2.5407868173485135e-08
n635	2.3366242927558596e-08	0.9999999622061568	1.4427600098483204e-08
764	0.0	1.0	0.0
865	0.0	1.0	0.0
n637	2.884698483973181e-14	0.9999999999999537	1.7497156528997418e-14
429	0.0	1.0	0.0
815	0.0	1.0	0.0
n644644	3.998943457877507e-09	0.9999999959458676	5.518887329739526e-11
n655655	7.340936704800541e-08	0.999999881263663	4.532696995982374e-08
n656	2.4541658196356943e-14	0.9999999999999604	1.5153365960819277e-14
n665	9.881312993985511e-14	0.9999999999998577	4.3477713248504996e-14
755	0.0	1.0	0.0
n680680	1.021318736230585e-12	0.9999999999983481	6.306149763812564e-13
n692	2.7998261530223455e-08	0.9999999547340745	1.726766404135391e-08
n735	7.257704232354731e-15	0.9999999999999882	4.4813047019204294e-15
n745745	7.535303507332887e-12	0.999999999987812	4.652709721522009e-12
n760	6.192408358380802e-13	0.9999999999989984	3.823532594358672e-13
n762762	5.8587617565825555e-08	0.9999999052371736	3.617520880798783e-08
n1717	0.9999999893151845	2.7772075293639628e-09	7.907607908009705e-09
n1818	0.9999999999976021	6.232657603533289e-13	1.7746391665913429e-12
248	1.0	0.0	0.0
242	1.0	0.0	0.0
246	1.0	0.0	0.0
n2020	0.9999999999599928	1.0398715096503495e-11	2.960850453587927e-11
245	1.0	0.0	0.0
230	1.0	0.0	0.0
321	1.0	0.0	0.0
265	1.0	0.0	0.0
n6868	0.9999999977439717	5.863890143630381e-10	1.6696391615391284e-09
267	1.0	0.0	0.0
281	1.0	0.0	0.0
284	1.0	0.0	0.0
n75	0.9999994807848017	1.3495491488764168e-07	3.8426028338007734e-07
n7575	0.9999922821201013	2.006038782900624e-06	5.711841115746859e-06
834	0.0	1.0	0.0
729	0.0	1.0	0.0
n82	1.3652727552112805e-06	0.9999977917329561	8.429942887528435e-07
881	0.0	1.0	0.0
811	0.0	1.0	0.0
777	0.0	1.0	0.0
895	0.0	1.0	0.0
758	0.0	1.0	0.0
924	0.0	0.0	1.0
943	0.0	0.0	1.0
972	0.0	0.0	1.0
1000	0.0	0.0	1.0
n95	1.1506514280557271e-12	2.4952392678765557e-13	0.9999999999985999
1048	0.0	0.0	1.0
n97	1.436205496072516e-10	3.114476081253957e-11	0.9999999998252347
1001	0.0	0.0	1.0
n161	2.5710078427007936e-13	5.57534317987318e-14	0.9999999999996871
n351351	1.9077122404010995e-10	4.136959619561723e-11	0.9999999997678591
n354354	9.243739121242055e-07	2.0045463182802237e-07	0.999998875171456
n355	1.952703147274644e-12	4.2345244205005683e-13	0.9999999999976239
n528	3.1723875315446684e-09	6.879464752420975e-10	0.999999996139666
974	0.0	0.0	1.0
1008	0.0	0.0	1.0
n529	3.1278939379586064e-11	6.782978397667582e-12	0.9999999999619381
n540540	2.288177420567353e-08	4.962015439650054e-09	0.9999999721562104
n541541	1.984142079628394e-09	4.3027011564228755e-10	0.9999999975855878
n550550	4.066087548638595e-11	8.817493352535955e-12	0.9999999999505217
20	0.0	0.0	1.0
n552	5.872138129026323e-13	1.273376872217085e-13	0.9999999999992855
n553553	1.9849275294700995e-09	4.360710567022315e-12	0.9999999980107117
954	0.0	0.0	1.0
985	0.0	0.0	1.0
n561561	4.530623331160501e-09	9.824860047296493e-10	0.9999999944868907
1026	0.0	0.0	1.0
45	0.0	0.0	1.0
n566566	6.685808774702172e-07	1.4498476415520101e-07	0.9999991864343584
n567567	4.512753327748351e-12	9.78610814281537e-13	0.9999999999945086
n609	6.831115235900042e-07	1.481357999860066e-07	0.9999991687526765
n612612	2.8405605070753134e-13	6.159882956048604e-14	0.9999999999996543
n621	1.2303427674492745e-10	2.6680535142382496e-11	0.9999999998502852
946	0.0	0.0	1.0
n622622	9.371259691223366e-08	2.0321997262473114e-08	0.9999998859654058
719	0.0	1.0	0.0
10	0.0	1.0	0.0
n635635	5.889107618148969e-09	0.9999999904746345	3.6362580802998535e-09
817	0.0	1.0	0.0
n637637	1.4239816487536988e-12	0.9999999999982776	2.983343378277248e-13
n643643	9.538424498963606e-09	0.999999984572029	5.889546493199224e-09
n645	5.310430436645258e-12	0.9999999999945751	1.1440089444608572e-13
n648	9.135600042784463e-05	0.9999077920801043	8.519194678952525e-07
852	0.0	1.0	0.0
828	0.0	1.0	0.0
n656656	7.268645649377872e-10	0.9999999988243293	4.4880605329630906e-10
n657657	9.674720586562745e-11	0.9999999998435157	5.973703180277359e-11
n665665	2.412718962391532e-11	0.9999999999744649	1.407858427034976e-12
n672	4.816107406443171e-10	0.9999999992210165	2.9737288808386127e-10
n681	3.9486436693269873e-13	0.9999999999993613	2.438108957587031e-13
n691691	2.2962753708074787e-07	0.9999996285878257	1.4178463721667524e-07
n692692	4.0922951399163613e-10	0.9999999993380898	2.526806775955278e-10
n693693	1.0769976295957587e-08	0.9999999891821221	4.790166505902305e-11
n735735	1.5814852176547047e-12	0.999999999997442	9.764957230275946e-13
n737737	4.6509092719186614e-09	0.9999999924773643	2.8717265020997183e-09
n746	1.2448744368974123e-11	0.9999999999798648	7.686537627834603e-12
n756	1.8809496287611593e-09	0.999999996957649	1.1614014770491774e-09
805	0.0	1.0	0.0
n760760	2.0552927597813986e-13	0.9999999999996675	1.2690504894332274e-13
n763	8.933824584314817e-08	0.9999998554994207	5.516233347915444e-08
734	0.0	1.0	0.0
n18	0.9999999999042455	2.4888614661586543e-11	7.086593422942412e-11
228	1.0	0.0	0.0
243	1.0	0.0	0.0
187	1.0	0.0	0.0
244	1.0	0.0	0.0
241	1.0	0.0	0.0
n69	0.999996547068053	8.974894004981771e-07	2.555442546406536e-06
264	1.0	0.0	0.0
359	1.0	0.0	0.0
362	1.0	0.0	0.0
347	1.0	0.0	0.0
346	1.0	0.0	0.0
751	0.0	1.0	0.0
882	0.0	1.0	0.0
n9595	2.838736386280801e-15	6.155927268231543e-16	0.9999999999999966
958	0.0	0.0	1.0
940	0.0	0.0	1.0
n9797	2.1192939749063247e-09	4.5957841075258663e-10	0.9999999974211277
n161161	2.0419350160398085e-09	4.4230228353312754e-10	0.9999999975157627
n330	3.0011707678567254e-12	6.508173510003339e-13	0.999999999996348
n352	1.664972798174603e-08	3.6105682439133686e-09	0.9999999797397038
n352352	6.506088876510128e-11	1.4108745749696053e-11	0.9999999999208304
16	0.0	0.0	1.0
1005	0.0	0.0	1.0
1017	0.0	0.0	1.0
n355355	1.5156064264798855e-15	3.286660562694318e-16	0.9999999999999982
1024	0.0	0.0	1.0
1022	0.0	0.0	1.0
n529529	6.24581412330802e-10	1.3544328265137624e-10	0.9999999992399754
n531	2.4112530071479403e-09	5.228910373306883e-10	0.9999999970658561
n541	8.813036444811991e-11	1.91114650971928e-11	0.9999999998927582
935	0.0	0.0	1.0
n542	2.9142753742018654e-11	6.319736954049949e-12	0.9999999999645375
1073	0.0	0.0	1.0
n551	2.902709365586085e-10	6.294655545233822e-11	0.9999999996467825
1105	0.0	0.0	1.0
n552552	9.193972439431782e-11	1.9937541031824175e-11	0.9999999998881228
1103	0.0	0.0	1.0
n554	4.507148325446258e-12	7.699033439644737e-14	0.9999999999954159
n555	0.0004322926358560087	6.726906398620779e-07	0.9995670346735042
995	0.0	0.0	1.0
n562	1.6283145124850918e-07	3.531073106015639e-08	0.9999998018578177
46	0.0	0.0	1.0
71	0.0	0.0	1.0
n568	1.0005591804020239e-13	2.169757492060044e-14	0.9999999999998783
n608608	3.79940331602332e-07	8.23917662420234e-08	0.9999995376679022
1117	0.0	0.0	1.0
1228	0.0	0.0	1.0
904	0.0	0.0	1.0
n613	3.3415309761070557e-15	7.246259895043224e-16	0.9999999999999959
908	0.0	0.0	1.0
n621621	1.5654621608610188e-08	3.3947749604375504e-09	0.9999999809506035
1034	0.0	0.0	1.0
992	0.0	0.0	1.0
816	0.0	1.0	0.0
818	0.0	1.0	0.0
831	0.0	1.0	0.0
n638	1.4391440835646393e-10	0.9999999998472306	8.854956468766632e-12
427	0.0	1.0	0.0
320	0.0	1.0	0.0
n645645	5.363597521491532e-14	0.9999999999999162	3.0149428676078426e-14
309	0.0	1.0	0.0
n648648	0.9988164416947523	0.0011725057315966105	1.1052573651138009e-05
310	0.0	1.0	0.0
n657	1.988424430081343e-08	0.9999999678381325	1.227762314729365e-08
759	0.0	1.0	0.0
n658	7.48113227048585e-10	0.9999999987899606	4.6192614284227597e-10
n659659	9.705838082869025e-11	0.9999999998430125	5.992916829393518e-11
n666	2.5058584858770266e-09	0.999999997377193	1.1694844309758405e-10
718	0.0	1.0	0.0
n672672	1.9586650411611586e-10	0.9999999996831948	1.2093872356099264e-10
n674	9.650458222464777e-10	0.9999999984390818	5.958722255638892e-10
n681681	2.1532008622808493e-16	0.9999999999999997	1.3295043215074526e-16
867	0.0	1.0	0.0
722	0.0	1.0	0.0
728	0.0	1.0	0.0
836	0.0	1.0	0.0
n693	8.590403362687094e-10	0.999999998610541	5.30418624789825e-10
n694	1.789597178145064e-08	0.9999999821035296	4.986249350850161e-13
837	0.0	1.0	0.0
n736	7.235444786213544e-10	0.9999999988296995	4.4675604988692736e-10
n737	1.6189330533083275e-07	0.9999997381448874	9.996180708966641e-08
868	0.0	1.0	0.0
n738	2.63959520389687e-11	0.9999999999573056	1.6298308693342576e-11
779	0.0	1.0	0.0
n746746	2.1552092337895869e-16	0.9999999999999997	1.3307444012319656e-16
n756756	8.466732083533595e-13	0.9999999999986305	5.227824816378532e-13
n759	2.7317821295013657e-08	0.9999999558146574	1.6867521339574895e-08
715	0.0	1.0	0.0
n761	5.273298707586545e-16	0.9999999999999991	3.256023879781532e-16
n763763	7.512987123785607e-09	0.9999999878480826	4.638930362193138e-09
896	0.0	1.0	0.0
240	1.0	0.0	0.0
229	1.0	0.0	0.0
269	1.0	0.0	0.0
335	1.0	0.0	0.0
n96	1.4083923668696906e-15	3.0541620622058987e-16	0.9999999999999983
957	0.0	0.0	1.0
651	0.0	0.0	1.0
n98	2.2900779953182813e-14	4.966136921303527e-15	0.9999999999999721
n162	1.1926028810529654e-09	9.155651407340725e-12	0.9999999987982414
n329329	3.038964272825599e-11	6.5901196675874096e-12	0.9999999999630202
n330330	1.6544604104494237e-12	3.587771659231605e-13	0.9999999999979867
1067	0.0	0.0	1.0
983	0.0	0.0	1.0
975	0.0	0.0	1.0
n353	4.1901950135987974e-08	9.08662596079086e-09	0.9999999490114239
n353353	4.8210189149569144e-09	1.0454595904949843e-09	0.9999999941335215
n356	1.7795947916912236e-15	3.859131181547608e-16	0.9999999999999978
n522	9.159554387168502e-12	1.9862904808394257e-12	0.9999999999888541
n530	2.031507062292431e-08	4.4054142472720395e-09	0.9999999752795151
n530530	7.369959864876303e-15	1.5982088762177971e-15	0.999999999999991
n531531	1.4739136636970096e-09	3.1962479352508665e-10	0.9999999982064616
1016	0.0	0.0	1.0
934	0.0	0.0	1.0
909	0.0	0.0	1.0
n542542	1.6897644494936944e-12	3.664330052553732e-13	0.9999999999979439
1087	0.0	0.0	1.0
23	0.0	0.0	1.0
47	0.0	0.0	1.0
1104	0.0	0.0	1.0
n553	2.0018398710422833e-11	4.341079611454361e-12	0.9999999999756405
n554554	3.198671525334323e-13	6.747442531357102e-14	0.9999999999996128
1098	0.0	0.0	1.0
n555555	0.999274358203325	1.1301827118086571e-06	0.0007245116139632607
22	0.0	0.0	1.0
n562562	4.888226085373642e-10	1.0600337670542637e-10	0.999999999405174
n563563	1.176417991256757e-09	2.5511152166911074e-10	0.9999999985684704
n568568	4.222944776569073e-11	9.157645291740783e-12	0.9999999999486129
n607	7.76171478418256e-09	1.683162688832322e-09	0.9999999905551225
630	0.0	0.0	1.0
592	0.0	0.0	1.0
n613613	2.0007886188222398e-10	4.338799923832286e-11	0.9999999997565331
n615	7.561433650428598e-13	1.6397304359108676e-13	0.9999999999990798
984	0.0	0.0	1.0
991	0.0	0.0	1.0
782	0.0	1.0	0.0
n638638	6.474612755237067e-07	0.9999993446510043	7.887720237105097e-09
n646	4.8529721611101326e-14	0.9999999999999215	2.996213780629139e-14
305	0.0	1.0	0.0
n649	0.9999984536860336	1.5309278934638722e-06	1.5386072950210794e-08
n652652	0.9999992915794055	5.127678719358394e-07	1.9565272259648223e-07
790	0.0	1.0	0.0
855	0.0	1.0	0.0
n658658	7.845160182512669e-10	0.9999999987310808	4.844032229432211e-10
840	0.0	1.0	0.0
853	0.0	1.0	0.0
n660	4.303619601132777e-13	0.999999999999304	2.6572908093798125e-13
n666666	0.0028978582363057242	0.9970301436706216	7.199809307253118e-05
n667	1.732105125543743e-09	0.9999999971990648	1.0688300035956616e-09
n673	8.986288717938879e-15	0.9999999999999855	5.548627581844266e-15
890	0.0	1.0	0.0
n674674	1.8262850711639e-06	0.9999970460663481	1.1276485806584657e-06
n675	3.735115706123564e-10	0.9999999993958619	2.3062653202991617e-10
n682	1.0953120780755e-11	0.9999999999822838	6.7630575846123116e-12
n687	8.011230895436894e-13	0.9999999999987041	4.946573397114526e-13
750	0.0	1.0	0.0
739	0.0	1.0	0.0
n694694	1.6897931046777146e-07	0.9999997267879442	1.0423274518656755e-07
n696	3.662250248165526e-06	0.9999963377148209	3.493091967985604e-11
n736736	5.968359629832483e-08	0.9999999034644775	3.6851926195458485e-08
845	0.0	1.0	0.0
823	0.0	1.0	0.0
721	0.0	1.0	0.0
n738738	3.804179515416575e-10	0.9999999993846911	2.3489091045329893e-10
875	0.0	1.0	0.0
n747	1.8836206054604145e-16	0.9999999999999997	1.1630506845751262e-16
n749749	1.63065534785735e-14	0.9999999999999735	1.0068560585575068e-14
n757	5.925359145251537e-12	0.9999999999904161	3.6586417616480565e-12
n757757	7.761041575168118e-12	0.9999999999874468	4.792092787076371e-12
876	0.0	1.0	0.0
849	0.0	1.0	0.0
n761761	4.0522610914542245e-13	0.9999999999993445	2.502088277666179e-13
780	0.0	1.0	0.0
773	0.0	1.0	0.0
n764	4.06245401635336e-09	0.999999993429164	2.508381948614244e-09
949	0.0	0.0	1.0
952	0.0	0.0	1.0
n9898	8.469287061969323e-12	1.836602913156184e-12	0.9999999999896941
n149149	1.426541216346451e-13	3.093518656893929e-14	0.9999999999998264
n162162	9.363288130632955e-09	3.657331860561465e-11	0.9999999906001386
960	0.0	0.0	1.0
979	0.0	0.0	1.0
929	0.0	0.0	1.0
980	0.0	0.0	1.0
n331	2.164453633401139e-10	4.6937148539293535e-11	0.9999999997366175
1039	0.0	0.0	1.0
965	0.0	0.0	1.0
559	0.0	0.0	1.0
1004	0.0	0.0	1.0
n356356	1.1232682844832965e-14	2.435857444125013e-15	0.9999999999999862
n517517	3.8876684659706774e-11	8.430583563579113e-12	0.9999999999526927
n522522	1.4846055033216828e-08	3.2194336693722716e-09	0.9999999819345113
n523	7.666231364476445e-10	1.6624566806987926e-10	0.9999999990671312
1041	0.0	0.0	1.0
1042	0.0	0.0	1.0
1010	0.0	0.0	1.0
1011	0.0	0.0	1.0
n532	2.22011391999033e-12	4.814416683669137e-13	0.9999999999972985
1054	0.0	0.0	1.0
3	0.0	0.0	1.0
n543	1.6095911683922798e-12	3.490470693966931e-13	0.9999999999980415
1101	0.0	0.0	1.0
1097	0.0	0.0	1.0
1102	0.0	0.0	1.0
1088	0.0	0.0	1.0
466	1.0	0.0	0.0
474	1.0	0.0	0.0
n563	2.2785693577410226e-09	4.941179924160583e-10	0.9999999972273127
5	0.0	0.0	1.0
n564	9.940667734480089e-10	2.1556784161733903e-10	0.9999999987903654
1119	0.0	0.0	1.0
n569	2.945308620812178e-08	6.387033942228729e-09	0.9999999641598798
591	0.0	0.0	1.0
n607607	2.55444496383864e-09	5.53942855845566e-10	0.9999999968916121
675	0.0	0.0	1.0
986	0.0	0.0	1.0
n614	3.839117506443247e-08	8.325298628669995e-09	0.9999999532835262
n615615	2.35011204710336e-08	5.096323457183233e-09	0.999999971402556
n616	3.4279946020469186e-10	7.433757626440758e-11	0.999999999582863
n639	3.2910977912466143e-06	0.999996668878508	4.002370063647427e-08
n643	1.2384701738599555e-09	0.9999999979987461	7.627838441743714e-10
n646646	4.834969565131257e-14	0.9999999999999218	2.98537516507711e-14
307	0.0	1.0	0.0
n649649	0.999999907091397	9.19739687654004e-08	9.346342061303788e-10
287	1.0	0.0	0.0
n653	0.9999999998992911	4.174980830116974e-11	5.895909770900337e-11
352	1.0	0.0	0.0
809	0.0	1.0	0.0
n659	1.6391929727036547e-07	0.999999734867937	1.0121276564543207e-07
n660660	2.3393209537758504e-12	0.9999999999962164	1.4444250762827581e-12
n663	9.951955211179272e-11	0.9999999998390317	6.144883044743413e-11
279	1.0	0.0	0.0
838	0.0	1.0	0.0
n667667	2.4032857563499415e-09	0.9999999961134189	1.4832953254682123e-09
776	0.0	1.0	0.0
n673673	5.090315205917826e-10	0.9999999991766644	3.143039828606462e-10
874	0.0	1.0	0.0
802	0.0	1.0	0.0
772	0.0	1.0	0.0
n675675	1.481360340114278e-14	0.999999999999976	9.146731314564352e-15
714	0.0	1.0	0.0
n682682	1.9567336543559828e-09	0.9999999968350718	1.208194691453611e-09
n684684	9.44617103544494e-12	0.9999999999847212	5.832584150725277e-12
n687687	5.78733757016889e-10	0.9999999990639243	3.573419670256265e-10
n688688	2.2870237827991524e-10	0.9999999996300842	1.4121339342505132e-10
n695	3.0414345173928402e-09	0.9999999950806183	1.8779472266955044e-09
839	0.0	1.0	0.0
n696696	0.9999656019634656	3.439788721165995e-05	1.4932272316201383e-10
n722722	2.9360464667174287e-07	0.9999997063870358	8.317450572276627e-12
844	0.0	1.0	0.0
832	0.0	1.0	0.0
891	0.0	1.0	0.0
n739	4.5375053263883545e-10	0.9999999992660789	2.8017046855512077e-10
n747747	1.7317119441589607e-12	0.9999999999971991	1.0692539443996461e-12
n748748	2.550546536200538e-12	0.9999999999958744	1.5748473372872578e-12
n750	2.438570968197932e-11	0.9999999999605571	1.505707479375539e-11
n755755	7.35451436576166e-12	0.9999999999881043	4.541080588638975e-12
745	0.0	1.0	0.0
748	0.0	1.0	0.0
n758	8.005826430772526e-11	0.9999999998705092	4.9432363841781544e-11
749	0.0	1.0	0.0
n762	1.7507844104375573e-16	0.9999999999999997	1.0810303312673401e-16
742	0.0	1.0	0.0
897	0.0	1.0	0.0
