node	GIN	LBR	SLE
root	0.9932687017626559	0.002071925260009008	0.004659372977335095
n0	0.9994689495189908	0.00016345986693970437	0.00036759061406949956
n3232	0.999873568718005	3.891468845019265e-05	8.751659354479736e-05
n00	0.9993767941286151	0.00019182575098566047	0.00043138012039920865
n2	0.9999581325722682	1.2886995473423882e-05	2.8980432258434105e-05
n3333	0.9999975435301811	7.514521219487611e-07	1.7050176969462747e-06
n780	0.9999922395183538	2.3887154734836874e-06	5.371766172688322e-06
n1	0.9999872837451825	3.91412437760094e-06	8.802130439881574e-06
149	1.0	0.0	0.0
n22	0.9999934763846042	2.008000111191566e-06	4.5156152846189545e-06
n32	0.9999948273100558	1.5921788412958013e-06	3.5805111029204856e-06
n34	0.9999902166358828	2.8535891581665224e-06	6.92977495907728e-06
n775	0.9999843252847335	4.824066687209664e-06	1.0850648579296467e-05
n780780	0.9999970876158647	8.967124959199691e-07	2.0156716393809448e-06
n783783	0.999996213813047	1.1654066401855047e-06	2.6207803128121328e-06
n11	0.999999058749609	2.897213968882211e-07	6.51528993966497e-07
482	1.0	0.0	0.0
n3	0.9999887844326412	3.452204264853893e-06	7.763363094009855e-06
492	1.0	0.0	0.0
508	1.0	0.0	0.0
509	1.0	0.0	0.0
n3434	0.9999748171592878	7.743918376818558e-06	1.743892233529068e-05
n43	0.9998511194862608	5.962902437791509e-06	0.0001429176113013453
n775775	0.9999904841468146	2.929022899894525e-06	6.586830285601677e-06
n777	0.9999967043893646	1.0144028747783596e-06	2.281207760573506e-06
388	1.0	0.0	0.0
n781	0.9999991558435205	2.688066116458326e-07	5.753498678488045e-07
n784	0.9999969332397198	9.439635633076115e-07	2.1227967167506027e-06
n785	0.9999964496321404	1.092820303225118e-06	2.457547556284773e-06
472	1.0	0.0	0.0
461	1.0	0.0	0.0
n33	0.999995171131171	1.4861928023726496e-06	3.34267602661549e-06
n3030	0.9999958699384576	1.2712527998388578e-06	2.858808742642969e-06
n35	0.9999778023921284	6.832218713088194e-06	1.5365389158587255e-05
n36	0.9999951090019119	1.505459216268126e-06	3.385538871844194e-06
n4343	0.9999945950287474	8.073441520239618e-07	4.5976271004255065e-06
n4444	0.994201826774674	0.00010372773976720429	0.0056944454855589015
n776	0.9999983581567753	5.053672055548259e-07	1.1364760191547972e-06
393	1.0	0.0	0.0
n777777	0.9999986259625024	4.22935327125335e-07	9.511021704400167e-07
n779779	0.9999915327553629	2.6062584227512078e-06	5.860986214384724e-06
n781781	0.9999983224322989	5.165346336086188e-07	1.1610330674712976e-06
n782	0.9999970767311257	1.797688687359728e-06	1.1255801869726926e-06
n784784	0.9999991925043358	2.485510488724522e-07	5.589446152771228e-07
397	1.0	0.0	0.0
n785785	0.9999928963759563	2.1865296437930784e-06	4.917094399743611e-06
n787787	0.9999967966946378	9.859927959813827e-07	2.2173125662579135e-06
n4	0.9999984718300156	4.7037676539270186e-07	1.0577932191417663e-06
n44	0.9999991999416507	2.426548707261139e-07	5.574034786319537e-07
n31	0.9999979005989238	6.462057477283858e-07	1.4531953284326027e-06
n3131	0.9999964855681979	1.081759010222122e-06	2.4326727919317008e-06
391	1.0	0.0	0.0
n3535	0.9999978689479722	6.559473769251621e-07	1.4751046509490039e-06
n3636	0.9999972289334333	8.529473212314821e-07	1.9181192454024674e-06
n4242	0.99999587764652	1.2688795294403477e-06	2.853473950565444e-06
443	1.0	0.0	0.0
387	1.0	0.0	0.0
n45	0.2028293819967716	0.009018851586844063	0.7881517664163843
377	1.0	0.0	0.0
n776776	0.9999987229291579	3.9308854633369324e-07	8.839822957473724e-07
395	1.0	0.0	0.0
n778	0.9999930841896149	2.128719694381301e-06	4.787090690735709e-06
n778778	0.9999948794121181	1.5761415756312388e-06	3.5444463063043884e-06
381	1.0	0.0	0.0
386	1.0	0.0	0.0
378	1.0	0.0	0.0
375	1.0	0.0	0.0
n782782	0.9998896388835445	0.00010805631353688945	2.3048029186621715e-06
390	1.0	0.0	0.0
396	1.0	0.0	0.0
392	1.0	0.0	0.0
n786	0.9999957214713654	1.3169516902160198e-06	2.9615769443709364e-06
399	1.0	0.0	0.0
n788	0.9999980132231535	6.115394682597579e-07	1.3752373782782178e-06
n790	0.999998252280627	5.379564282154137e-07	1.2097629447733435e-06
476	1.0	0.0	0.0
473	1.0	0.0	0.0
n5	0.9999980078254886	2.489144076507246e-07	1.7432601036798468e-06
n10	0.9999991373671026	2.6547979529570525e-07	5.971531022065567e-07
463	1.0	0.0	0.0
467	1.0	0.0	0.0
505	1.0	0.0	0.0
449	1.0	0.0	0.0
379	1.0	0.0	0.0
380	1.0	0.0	0.0
412	1.0	0.0	0.0
n37	0.9999967546591145	9.989315262328994e-07	2.246409359191618e-06
408	1.0	0.0	0.0
413	1.0	0.0	0.0
n4545	0.04850692291779654	0.005165130904941976	0.9463279461772616
n53	0.20079874353982768	0.015079044137997134	0.7841222123221752
394	1.0	0.0	0.0
441	1.0	0.0	0.0
385	1.0	0.0	0.0
382	1.0	0.0	0.0
384	1.0	0.0	0.0
n779	0.9999973159181009	8.261733169568724e-07	1.85790858218762e-06
376	1.0	0.0	0.0
n783	0.9927354205223312	0.007203314954252321	6.126452341642517e-05
398	1.0	0.0	0.0
n786786	0.9999989273667179	3.301616827832989e-07	7.424715993083362e-07
n788788	0.9999988312851245	3.597360593019644e-07	8.08978816158133e-07
402	1.0	0.0	0.0
406	1.0	0.0	0.0
n790790	0.9999983825708882	4.978524591771304e-07	1.1195766524713641e-06
n55	0.9998318338527296	3.778303286474312e-06	0.00016438784398407108
n9	0.999999062952079	2.8381674659590246e-07	6.532311744268168e-07
n1010	0.9999988747101743	3.463689618206372e-07	7.789208638228722e-07
n30	0.9999986396763686	4.1871376922105314e-07	9.416098622362487e-07
n3737	0.9999985342141208	4.511759429487152e-07	1.0146099363619152e-06
411	1.0	0.0	0.0
n46	0.05059931879133753	0.010616512058164098	0.9387841691504984
n47	0.001051923478125889	0.00010769566618868234	0.9988403808556855
426	0.0	1.0	0.0
n5353	0.20460372905248533	0.005210537264757822	0.7901857336827569
383	1.0	0.0	0.0
442	1.0	0.0	0.0
374	1.0	0.0	0.0
389	0.0	1.0	0.0
n787	0.9999981520736618	5.68800613994918e-07	1.27912572410035e-06
400	1.0	0.0	0.0
n789	0.9999986977386174	4.008423164421776e-07	9.014190661083623e-07
n789789	0.9999991631399696	2.575895420079407e-07	5.79270488348187e-07
n791	0.9999993339724902	2.050064705966477e-07	4.610210391747872e-07
421	1.0	0.0	0.0
n6	0.9999950134913524	7.910456136362096e-07	4.195463033941288e-06
n66	0.9638319992164455	0.0003593092125764067	0.035808691570978136
n99	0.9999982496472606	5.386576087697416e-07	1.2116951306381327e-06
469	1.0	0.0	0.0
n1111	0.9999912670216834	2.688052653859679e-06	6.0449256628369715e-06
477	1.0	0.0	0.0
480	1.0	0.0	0.0
481	1.0	0.0	0.0
n38	0.9999992663636535	2.2581679566804714e-07	5.078195507643432e-07
n4141	0.9999991908088227	2.4907293595745264e-07	5.601182412992695e-07
431	0.0	0.0	1.0
n4646	0.23255642971781135	0.2244702663575605	0.5429733039246281
n4747	0.0007196076658441639	4.028095574508599e-06	0.9992763642385813
n51	3.540690714384998e-05	0.0001106892257100195	0.9998539038671462
n54	0.4874056423405515	0.0012165786185239387	0.5113777790409245
921	0.0	0.0	1.0
401	1.0	0.0	0.0
430	1.0	0.0	0.0
410	1.0	0.0	0.0
409	1.0	0.0	0.0
403	1.0	0.0	0.0
407	1.0	0.0	0.0
405	1.0	0.0	0.0
404	1.0	0.0	0.0
507	1.0	0.0	0.0
498	1.0	0.0	0.0
145	1.0	0.0	0.0
n7	0.06403968689029525	6.774946810646191e-05	0.9358925636415983
478	1.0	0.0	0.0
490	1.0	0.0	0.0
n12	0.9999422219826056	1.7784351592028753e-05	3.999366580231496e-05
n1616	0.9999924800539663	2.3146755543302472e-06	5.205270479365685e-06
419	1.0	0.0	0.0
n3838	0.9999993823552992	1.901140093032708e-07	4.275306914732754e-07
n42	0.9999990636979446	2.8819827555177954e-07	6.481037798298542e-07
416	1.0	0.0	0.0
434	0.0	1.0	0.0
437	1.0	0.0	0.0
n48	8.840428360821954e-06	3.5318402020188497e-07	0.999990806387619
n49	0.010678366236765654	2.9631732296685528e-05	0.9892920020309377
n5151	5.226463983443475e-05	3.37443769721987e-06	0.9999443609224684
n5252	0.00012834982856011997	0.007155562753153213	0.9927160874182865
414	1.0	0.0	0.0
n5454	0.48879861073305364	0.0013995116565046176	0.5098018776104418
n77	0.06467123050350135	9.652369595582018e-05	0.9352322458005429
n8	0.002722555245192464	1.0730897807038594e-05	0.9972667138570005
n1212	0.9999607278219992	1.20881652575992e-05	2.718401274325431e-05
144	1.0	0.0	0.0
n17	0.9999988175082419	3.639766500076967e-07	8.185151080086318e-07
231	1.0	0.0	0.0
n39	0.9999978406314352	6.646640292032787e-07	1.4947045356840917e-06
n40	0.9999980466911607	6.012378547057402e-07	1.3520709846911174e-06
425	1.0	0.0	0.0
418	1.0	0.0	0.0
n4848	7.210924013549474e-07	2.0354339529349574e-07	0.9999990753642033
424	0.0	0.0	1.0
n4949	0.9432026473482855	0.00015218779672215776	0.056645164854992235
920	0.0	0.0	1.0
914	0.0	0.0	1.0
n52	0.006232507365523803	2.294368679346188e-05	0.9937445489476827
428	0.0	1.0	0.0
422	0.0	0.0	1.0
n5555	0.470499162311486	0.0023841407708719772	0.5271166969176421
n774774	0.9997075379584727	1.7212249912338905e-05	0.00027524979161502405
1429	0.0	0.0	1.0
179	1.0	0.0	0.0
n88	5.910147880355868e-05	2.1223264204009703e-06	0.999938776194776
1221	0.0	0.0	1.0
236	1.0	0.0	0.0
n13	0.9999915509095579	2.6006706717880654e-06	5.848419770262246e-06
n1717	0.9999988966063248	3.3962987972185616e-07	7.637637954962802e-07
n20	0.9999983736062648	5.006118134193624e-07	1.12578192178072e-06
n3939	0.9998531256836907	4.5208620914456466e-05	0.00010166569539479966
420	1.0	0.0	0.0
n4040	0.9999978693132715	6.558356220445752e-07	1.4748511065180847e-06
308	1.0	0.0	0.0
899	0.0	0.0	1.0
917	0.0	0.0	1.0
n50	0.9971308167410072	1.629241279946918e-05	0.0028528908461933223
278	1.0	0.0	0.0
415	1.0	0.0	0.0
919	0.0	0.0	1.0
454	1.0	0.0	0.0
n56	0.02039685328532925	0.022779343960892276	0.9568238027537784
217	1.0	0.0	0.0
203	1.0	0.0	0.0
1500	0.0	0.0	1.0
1503	0.0	0.0	1.0
n1313	0.9999844967597066	4.771971921174465e-06	1.073126837222051e-05
165	1.0	0.0	0.0
n18	0.9999991010360314	2.76705432875137e-07	6.222585357337059e-07
234	1.0	0.0	0.0
n2020	0.9999983952158699	4.939602730248058e-07	1.1108238570138156e-06
157	1.0	0.0	0.0
302	0.9774229661513129	0.00694931959709707	0.015627714251590038
432	1.0	0.0	0.0
417	1.0	0.0	0.0
n41	0.9999973960897768	8.014960895573262e-07	1.8024141336946126e-06
317	1.0	0.0	0.0
n5050	0.9994439702325532	1.0466312242734363e-05	0.0005455634552041308
n5656	0.002531506416429234	0.07365705156278533	0.9238114420207855
n773	0.00029085713865395035	0.000318996522017002	0.9993901463393291
n14	0.9999964897732259	1.0804646826517858e-06	2.4297620915967926e-06
n1414	0.9999911781136703	2.7154190389086327e-06	6.106467290857992e-06
n1818	0.9999991076087322	2.746823239435815e-07	6.177089438146067e-07
152	1.0	0.0	0.0
155	1.0	0.0	0.0
n21	0.9999983349399951	5.125134771570433e-07	1.1525465276406128e-06
515	1.0	0.0	0.0
514	1.0	0.0	0.0
315	1.0	0.0	0.0
275	1.0	0.0	0.0
n57	3.4819180461595645e-05	0.06265492628283345	0.9373102545367049
n756756	0.0002620983729937575	0.9758129726707501	0.02392492895625611
n773773	2.74967701194668e-06	2.3794432567760273e-06	0.9999948708797314
944	0.0	0.0	1.0
163	1.0	0.0	0.0
168	1.0	0.0	0.0
n15	0.9999965205037529	1.0710056786258022e-06	2.4084905685422764e-06
161	1.0	0.0	0.0
n19	0.9999993592424603	1.9722825227849947e-07	4.435292874192224e-07
154	1.0	0.0	0.0
n2121	0.9999989987670792	3.0818430819858143e-07	6.93048612609968e-07
n29	0.9999989583443772	3.206266102386484e-07	7.210290124458552e-07
n5757	5.1071303298883936e-06	0.04831617337413962	0.9516787194955305
n175	3.8035339997956334e-05	0.06559664164306325	0.9343653230169389
n757	1.2531442280645757e-06	0.999958112217359	4.06346384130213e-05
n772772	1.718323466004304e-06	0.9999743402773794	2.394139915448209e-05
956	0.0	0.0	1.0
n774	1.3235360646974654e-06	4.551019432584229e-07	0.999998221361992
n1515	0.9999986342762212	4.2037634721146976e-07	9.453474315805427e-07
212	1.0	0.0	0.0
n1919	0.9999985996433521	4.310365108657481e-07	9.69320136985233e-07
147	1.0	0.0	0.0
n2222	0.9999992648102307	2.262949466982283e-07	5.088948226033519e-07
n23	0.9999972294408087	8.52791443403657e-07	1.917767747979315e-06
n2929	0.9999990139842851	3.0350037900085893e-07	6.825153357828002e-07
237	1.0	0.0	0.0
915	0.0	0.0	1.0
n58	5.294217480868457e-05	0.05444572376112034	0.945501334064071
n175175	6.365798569466786e-05	0.5370890191423503	0.4628473228719552
n216216	6.482212267562013e-06	0.0005965268636161583	0.9993969909241163
n757757	5.026180552733672e-07	0.9999983024144063	1.1949675384077887e-06
n769769	4.782104275599731e-07	0.9999986333187697	8.884708027745114e-07
889	0.0	1.0	0.0
324	0.0	1.0	0.0
996	0.0	0.0	1.0
989	0.0	0.0	1.0
211	1.0	0.0	0.0
n16	0.999999386394302	1.888707848317298e-07	4.2473491319305485e-07
153	1.0	0.0	0.0
232	1.0	0.0	0.0
177	1.0	0.0	0.0
172	1.0	0.0	0.0
n2323	0.9999990644252962	2.879743932323054e-07	6.476003105526232e-07
247	1.0	0.0	0.0
239	1.0	0.0	0.0
182	1.0	0.0	0.0
n5858	0.00014658101872513116	0.9821170303142008	0.017736388667074107
n65	5.656397166993632e-06	0.0028555626978901405	0.9971387809049428
n176	0.0001240581553310453	0.5368795271648931	0.46299641467977576
n186	2.3410906985458717e-05	0.8400382463022382	0.1599383427907763
925	0.0	0.0	1.0
n217	5.363481557940009e-07	5.3833933459542765e-06	0.9999940802584982
755	0.0	1.0	0.0
n758	7.415844687984831e-08	0.999999869138286	5.6703267201518354e-08
718	0.0	1.0	0.0
n770	3.9850369707012553e-07	0.9999994490759669	1.5242033601272697e-07
176	1.0	0.0	0.0
238	1.0	0.0	0.0
n24	0.9999992088221942	2.435283335960571e-07	5.476494722152169e-07
n28	0.9999991290676119	2.6807717758290487e-07	6.028552105141979e-07
830	0.0	1.0	0.0
n59	3.4910973674631582e-06	0.9998329277522353	0.00016358115039718398
n6565	1.3022479216669297e-06	1.909719010477409e-05	0.9999796005619735
n6666	1.086280508798552e-06	0.002425229907430144	0.997573683812061
423	0.0	0.0	1.0
n176176	3.8579789624589555e-05	0.9980283670371486	0.0019330531732268056
n186186	3.8872483014741874e-05	0.8382562568366206	0.16170487068036457
n214	2.0747831181181096e-05	0.9975295990513822	0.0024496531174367526
n217217	4.291086193912134e-07	1.8331149109779652e-07	0.9999993875798895
n748	6.703379336350503e-07	2.494065883677037e-07	0.999999080255478
n758758	2.3762356341667633e-07	0.99999958937359	1.7300284658806139e-07
n764	2.3150462839342696e-07	0.9999995999565114	1.6853886010373884e-07
n770770	7.516305157887239e-07	0.9999987022582039	5.461112803216461e-07
n771771	2.3863272294035134e-05	0.9999750041701311	1.1325575748154011e-06
n2424	0.99999900646953	3.0581345679344255e-07	6.877170131958372e-07
n2525	0.9999990983710977	2.7752571228606524e-07	6.241031900284663e-07
245	1.0	0.0	0.0
n2828	0.9999990919092678	2.7951469457874434e-07	6.285760375478761e-07
n5959	7.39261285957228e-08	0.9999994302683127	4.95805558611513e-07
785	0.0	1.0	0.0
947	0.0	0.0	1.0
942	0.0	0.0	1.0
n67	1.11427644751372e-06	0.0012577748457844062	0.9987411108777682
n158158	5.076781886606756e-05	0.008474754772722729	0.9914744774084111
n177	3.7218991261495486e-07	0.9999912398774932	8.387932594220334e-06
828	0.0	1.0	0.0
n187	2.9136094321575e-05	0.9127117802325545	0.08725908367312388
n213	4.517166736793294e-05	0.0025053641600755044	0.9974494641725566
878	0.0	1.0	0.0
n214214	1.7991911512677654e-06	0.9999722697469349	2.593106191379207e-05
n218	3.010435694670332e-07	9.771325190010846e-08	0.9999996012431785
n739	6.984391773825098e-07	2.2638590067166942e-07	0.9999990751749219
n748748	5.14384871075469e-07	1.6670495976818368e-07	0.9999993189101692
n754754	7.867296274232485e-07	2.5500938253448323e-07	0.9999989582609901
n759	2.1029641997699835e-07	0.9999996366218942	1.530816858725992e-07
848	0.0	1.0	0.0
n764764	3.1085945918099566e-07	0.9999994628558256	2.2628471515293766e-07
874	0.0	1.0	0.0
n771	2.1182098107322864e-06	0.9999963398934335	1.541896755757936e-06
890	0.0	1.0	0.0
n772	0.0036433482995619553	0.9962615731870776	9.507851336033745e-05
730	0.0	1.0	0.0
n25	0.9999992669721474	2.256294983528371e-07	5.073983542879054e-07
228	1.0	0.0	0.0
n26	0.9999989029976298	3.3766260528014873e-07	7.59339764855528e-07
n2727	0.9999986123875355	4.271137899206551e-07	9.60498674515116e-07
242	1.0	0.0	0.0
229	1.0	0.0	0.0
n60	3.667457274035524e-07	0.999999359069682	2.7418459055176765e-07
n63	7.94344364745946e-08	0.9999998612037064	5.9361857012567974e-08
n6767	4.3457716927689334e-07	9.377614699053977e-06	0.9999901878081318
n102	8.061958388731862e-05	0.004414546130233327	0.9955048342858794
n159	5.251758450408732e-05	0.7933452407407232	0.20660224167477267
n174174	1.8919616657488985e-06	7.240520279552017e-05	0.9999257028355387
n177177	1.469583741370569e-06	0.9999973022681097	1.2281481489447728e-06
n178	1.448565448691353e-07	0.9999996976597637	1.5748369146387976e-07
n187187	4.546413537321883e-05	0.9122501513169038	0.08770438454772297
n212212	2.209699085618261e-05	0.9995498678689503	0.00042803514019354525
n213213	1.0316052634451422e-06	2.250824977575647e-05	0.9999764601449609
964	0.0	0.0	1.0
n215	5.209658872234383e-07	0.9999990251814822	4.5385263067440934e-07
n215215	4.843383891488128e-07	0.9999991079718762	4.0768973467514403e-07
n218218	6.215630121392428e-07	2.012009992458983e-07	0.9999991772359886
n227227	2.9961726351207303e-07	9.689878141782912e-08	0.9999996034839551
n739739	1.0277994951992375e-06	3.326973131521674e-07	0.9999986395031917
n740740	4.1155526234358847e-07	1.3322142994562623e-07	0.9999994552233078
n749	8.693511028395057e-07	2.814077392944748e-07	0.9999988492411579
n749749	8.088367470592616e-07	2.6105839940597516e-07	0.9999989301048535
978	0.0	0.0	1.0
n755	4.162904112257176e-07	1.3475318540349952e-07	0.9999994489564034
n759759	1.0395081150981528e-06	0.9999982038002755	7.566916093287383e-07
n760	2.2422874194973175e-07	0.9999996127274047	1.6304385341234939e-07
n765	3.1609682882041135e-07	0.9999994538060571	2.300971139848658e-07
n767767	2.5824911912548185e-07	0.9999995537629878	1.879878930381129e-07
802	0.0	1.0	0.0
772	0.0	1.0	0.0
279	1.0	0.0	0.0
838	0.0	1.0	0.0
246	1.0	0.0	0.0
248	1.0	0.0	0.0
241	1.0	0.0	0.0
n2626	0.9999991810906769	2.5206422799143886e-07	5.668450951289333e-07
240	1.0	0.0	0.0
230	1.0	0.0	0.0
862	0.0	1.0	0.0
n6060	4.012389485767972e-07	0.9999993065590838	2.9220196762546694e-07
n6363	3.317564314331129e-06	0.9999942673050692	2.4151306163627004e-06
n64	1.4989708658290122e-06	0.9999974097826337	1.091246500453609e-06
n68	6.14779940746699e-07	8.577063656698598e-07	0.9999985275136936
n9898	4.927245730768809e-07	5.769739209402161e-07	0.999998930301506
n102102	1.4906931956425625e-06	2.8486199770562402e-05	0.9999700231070338
n104	3.9684627625979896e-05	0.9983771471619352	0.0015831682104388367
n159159	7.183817724781543e-06	0.9995299866934342	0.00046282948884113613
n167	2.7010638025297316e-05	0.7965554767674586	0.20341751259451615
948	0.0	0.0	1.0
901	0.0	0.0	1.0
759	0.0	1.0	0.0
852	0.0	1.0	0.0
n178178	2.766320500205338e-07	0.9999995213568164	2.0201113356624838e-07
n185185	3.2264153680838204e-07	0.999999442364772	2.349936912990155e-07
n188	5.6841738759185995e-06	0.9993595141699795	0.0006348016561445149
966	0.0	0.0	1.0
764	0.0	1.0	0.0
865	0.0	1.0	0.0
938	0.0	0.0	1.0
433	0.0	0.0	1.0
719	0.0	1.0	0.0
10	0.0	1.0	0.0
n216	2.1862314399615908e-07	0.9999996219231119	1.5945374411075114e-07
818	0.0	1.0	0.0
n219	8.199033298301222e-07	2.653997980745729e-07	0.9999989146968721
955	0.0	0.0	1.0
n228	4.278943507455364e-07	1.3850711902767473e-07	0.9999994335985303
n294	3.8626618614568994e-07	1.1036867851031268e-07	0.9999995033651353
n740	3.03810466647861e-07	9.834236498331698e-08	0.9999995978471684
1000	0.0	0.0	1.0
n741	5.401411178561307e-07	1.748417449732181e-07	0.9999992850171372
n746	2.3588898300488604e-06	7.635642324325625e-07	0.9999968775459376
1013	0.0	0.0	1.0
946	0.0	0.0	1.0
n750	2.7177946239343524e-06	6.746141542706639e-07	0.9999966075912218
932	0.0	0.0	1.0
n755755	2.976341278334008e-07	9.634310126926991e-08	0.9999996060227709
952	0.0	0.0	1.0
776	0.0	1.0	0.0
814	0.0	1.0	0.0
n760760	1.4024593473690916e-07	0.9999997576653946	1.0208867056059444e-07
n761761	1.0593682282935057e-07	0.9999998348328747	5.9230302604219345e-08
n765765	1.7565049803129847e-07	0.999999696487819	1.2786168304674547e-07
801	0.0	1.0	0.0
n768	7.7289315930809e-08	0.9999998664492894	5.626139479816157e-08
n769	6.801574105132974e-07	0.9999988247339947	4.951085947238424e-07
244	1.0	0.0	0.0
n27	0.9999993910248012	1.8744549490963785e-07	4.21529703917973e-07
n61	7.37241309217917e-08	0.999999872609271	5.366659809105687e-08
883	0.0	1.0	0.0
758	0.0	1.0	0.0
881	0.0	1.0	0.0
729	0.0	1.0	0.0
n6464	3.6860014012315016e-07	0.9999993630838134	2.6831604635660687e-07
933	0.0	0.0	1.0
n6868	1.395643489175452e-06	3.0279651248351758e-05	0.9999683247052624
n9999	1.832394661528954e-06	4.880837081375753e-05	0.9999493592345248
n100100	6.256527815659346e-07	2.0769865507915436e-07	0.9999991666485634
936	0.0	0.0	1.0
n103	4.4277014445366225e-07	3.8411206628946614e-07	0.9999991731177892
n104104	2.0210199580346988e-07	0.9999954688630974	4.329034906833916e-06
n156	9.051207510781587e-07	0.9999880385499791	1.1056329269885001e-05
n160	9.261975848556507e-08	0.9999985604817928	1.346898448689423e-06
427	0.0	1.0	0.0
n167167	0.00017133033346872903	0.9795162770050528	0.020312392661478426
n168	6.503900299214074e-05	0.5671083813149039	0.4328265796821039
n179	2.0966334810432085e-07	0.9999996377140148	1.526226370844539e-07
n180180	2.574901246566336e-07	0.9999995550733922	1.8743648314467147e-07
790	0.0	1.0	0.0
855	0.0	1.0	0.0
n188188	1.494988240217272e-07	0.9999968903197174	2.9601814586292094e-06
n212	1.7641587683245548e-06	0.9999908034661835	7.4323750481988294e-06
817	0.0	1.0	0.0
816	0.0	1.0	0.0
n219219	1.1979295035336695e-06	3.877653014512509e-07	0.999998414305195
n227	1.9858982525192176e-06	6.428280937406459e-07	0.9999973712736537
n228228	8.03408241506797e-07	2.600603409758011e-07	0.9999989365314176
n241241	3.019433665548562e-07	9.773797301956205e-08	0.9999996003186603
n294294	9.567658802160101e-06	3.3366823089478817e-07	0.999990098672967
n670670	3.900664687810251e-07	1.2614894939556288e-07	0.9999994837845818
951	0.0	0.0	1.0
954	0.0	0.0	1.0
935	0.0	0.0	1.0
n741741	7.685229580845145e-07	2.487681066507261e-07	0.9999989827089354
n746746	3.482724435431861e-07	1.127345331482131e-07	0.9999995389930234
694	0.0	0.0	1.0
n750750	1.830114069182569e-05	3.4493202534375746e-07	0.9999813539272828
n752	2.3675785047811774e-06	7.654346860955568e-07	0.9999968669868092
957	0.0	0.0	1.0
n756	2.9468999690035885e-07	9.539008795231709e-08	0.9999996099199152
n761	8.866425839020833e-08	0.9999998467941597	6.454158191504976e-08
820	0.0	1.0	0.0
n762	7.67104141730335e-06	0.9999917800996655	5.488589172552927e-07
n763763	1.1384553433081933e-07	0.999999803335096	8.28193697162952e-08
n766	9.512248589746047e-07	0.9999983563477765	6.924273644783052e-07
n766766	3.5932641494455624e-07	0.9999993791082568	2.6156532826081476e-07
829	0.0	1.0	0.0
n768768	1.6757219384516143e-07	0.9999997104465822	1.2198122394438978e-07
796	0.0	1.0	0.0
850	0.0	1.0	0.0
243	1.0	0.0	0.0
187	1.0	0.0	0.0
n6161	1.5628533153720159e-06	0.999997299495145	1.1376515396367028e-06
n6262	1.9423341423550406e-06	0.9999966437779315	1.4138879261498926e-06
811	0.0	1.0	0.0
777	0.0	1.0	0.0
n69	5.081750039616261e-07	4.589485537550326e-07	0.9999990328764423
n7171	0.00014251213915363818	0.007405493999891374	0.992451993860955
n100	6.191807565382831e-05	0.003787335496088479	0.9961507464282577
941	0.0	0.0	1.0
n101	5.503606886136818e-07	1.7819689476720036e-07	0.9999992714424166
939	0.0	0.0	1.0
910	0.0	0.0	1.0
n103103	5.746871771568857e-07	1.8748963599221018e-07	0.9999992378231869
n105	6.596969138911699e-08	0.9999998736449663	6.038534224441549e-08
n155155	2.601183227358184e-07	0.9999995022021173	2.3767956000206238e-07
n156156	5.231885420746824e-07	0.9999990492690618	4.2754239603551835e-07
827	0.0	1.0	0.0
n160160	2.5843336596383233e-07	0.9999995395404422	2.0202619179205653e-07
n166166	9.263939277118878e-07	0.9999983478231729	7.257828994147415e-07
856	0.0	1.0	0.0
886	0.0	1.0	0.0
n168168	0.00010975590461547043	0.5678289455072619	0.4320612985881226
913	0.0	0.0	1.0
n179179	7.637102980898516e-07	0.9999986803601951	5.559295068040749e-07
n180	8.348704174678405e-07	0.999998557400362	6.077292204660577e-07
853	0.0	1.0	0.0
n181	2.7066757529244344e-07	0.9999995323047225	1.9702770218468303e-07
n189	1.7244538589229045e-07	0.9999996941279241	1.3342668994150256e-07
n200200	3.695140924516091e-07	0.9999993147887302	3.156971774169205e-07
823	0.0	1.0	0.0
721	0.0	1.0	0.0
n220	5.987110356872501e-06	1.9379987238496914e-06	0.9999920748909192
1031	0.0	0.0	1.0
1034	0.0	0.0	1.0
992	0.0	0.0	1.0
984	0.0	0.0	1.0
n229	3.1599194956091834e-07	1.0228545302109892e-07	0.9999995817225974
n242	3.332757873330743e-07	1.0788016890421492e-07	0.9999995588440437
n246	7.377979379033545e-07	2.388225283189449e-07	0.9999990233795337
n295	8.049754821528757e-07	2.3934986645053526e-07	0.9999989556746514
n297	0.0009718969721398799	1.7169050551767888e-05	0.9990109339773084
n671	4.887969196002732e-07	1.582206865283741e-07	0.9999993529823938
n738	5.18834798103714e-07	1.6794424931506146e-07	0.9999993132209526
998	0.0	0.0	1.0
n742	3.3316500260146956e-07	1.0784430831747033e-07	0.9999995589906892
n747	4.4188881905237427e-07	1.430378151157463e-07	0.9999994150733659
922	0.0	0.0	1.0
n751	0.004068444363980655	2.4563029531956577e-05	0.9959069926064874
n751751	3.2416664679134084e-06	7.916664271743806e-07	0.9999959666671049
n752752	6.922862419374705e-07	2.2407810906709878e-07	0.9999990836356489
25	0.0	0.0	1.0
958	0.0	0.0	1.0
949	0.0	0.0	1.0
778	0.0	1.0	0.0
822	0.0	1.0	0.0
n762762	0.001030877548825863	0.9989157751560644	5.3347295109733914e-05
n763	2.93437238649254e-07	0.9999995015488998	2.0501386145459158e-07
821	0.0	1.0	0.0
787	0.0	1.0	0.0
714	0.0	1.0	0.0
717	0.0	1.0	0.0
n767	9.627638211602297e-07	0.9999983364092302	7.008269485509963e-07
743	0.0	1.0	0.0
846	0.0	1.0	0.0
826	0.0	1.0	0.0
834	0.0	1.0	0.0
n62	4.063088874988005e-06	0.999992979257217	2.957653908029288e-06
895	0.0	1.0	0.0
774	0.0	1.0	0.0
911	0.0	0.0	1.0
n6969	4.1846210883524413e-07	1.3790630309284244e-07	0.999999443631588
n72	0.0077432283417209905	0.971549631399673	0.020707140258605913
n98	3.1242949497423643e-06	8.292418129968048e-05	0.9999139515237505
926	0.0	0.0	1.0
873	0.0	1.0	0.0
n101101	3.2148441499888347e-07	1.0406364607728267e-07	0.9999995744519389
930	0.0	0.0	1.0
937	0.0	0.0	1.0
977	0.0	0.0	1.0
n105105	2.33922272483677e-07	0.9999995956912469	1.703864806483304e-07
n108108	6.556235163161576e-08	0.9999998868331548	4.760449360008635e-08
791	0.0	1.0	0.0
792	0.0	1.0	0.0
n157	1.1873683055542383e-07	0.9999997946440943	8.661907522979347e-08
n158	2.037117270109744e-06	0.9999964796178848	1.4832648449597065e-06
831	0.0	1.0	0.0
n161	2.2398380177444357e-07	0.9999996860231052	8.999309305267184e-08
782	0.0	1.0	0.0
320	0.0	1.0	0.0
950	0.0	0.0	1.0
n169	6.335045662605861e-05	0.9959081893936096	0.004028460149764454
840	0.0	1.0	0.0
809	0.0	1.0	0.0
799	0.0	1.0	0.0
807	0.0	1.0	0.0
n181181	1.2603215806728133e-07	0.9999997822249546	9.174288739041211e-08
n184184	1.0291546260702097e-06	0.9999982216904095	7.491549644386634e-07
n189189	1.1888504574498096e-07	0.9999997945409739	8.65739803754528e-08
n190190	1.5012861656222062e-07	0.9999997405658264	1.093055569391071e-07
n201	6.200874184196626e-08	0.9999998927240186	4.5267239556326374e-08
n210210	3.00363515431181e-06	0.9999948097601007	2.1866047450117108e-06
n220220	1.7266722363714818e-06	5.568774849085893e-07	0.9999977164502788
1025	0.0	0.0	1.0
n229229	2.5942324358675236e-06	8.397436719722818e-07	0.9999965660238921
n231231	4.002320335487403e-07	1.2955366406122798e-07	0.9999994702143025
n242242	9.385848817302228e-07	3.03816537078575e-07	0.9999987575985811
n245245	3.0305128889690385e-06	9.80966079275844e-07	0.9999959885210318
986	0.0	0.0	1.0
n246246	3.4843235915483994e-07	1.1278629650326255e-07	0.9999995387813444
n295295	3.271990266147321e-07	1.0577557070574389e-07	0.9999995670254027
n296296	2.5802102842870056e-06	8.348571405847072e-07	0.9999965849325751
n297297	7.88997844390587e-06	2.9068551298900466e-07	0.9999918193360431
475	1.0	0.0	0.0
924	0.0	0.0	1.0
n671671	4.2375423231791933e-07	1.371677054935605e-07	0.9999994390780622
904	0.0	0.0	1.0
n738738	1.0562110819564196e-06	3.418917003620084e-07	0.9999986018972177
n742742	3.3458950519801937e-06	1.0830541466305984e-06	0.9999955710508014
n743	2.3799058905841417e-06	7.7036694317781e-07	0.9999968497271662
n747747	5.2535378275824e-07	1.7005512247842625e-07	0.9999993045910949
908	0.0	0.0	1.0
1021	0.0	0.0	1.0
517	1.0	0.0	0.0
1069	0.0	0.0	1.0
1070	0.0	0.0	1.0
n753	5.418769638521982e-07	1.7540357215143637e-07	0.9999992827194639
n754	5.878544023056907e-07	1.9028625825015988e-07	0.9999992218593394
301	1.0	0.0	0.0
869	0.0	1.0	0.0
808	0.0	1.0	0.0
806	0.0	1.0	0.0
85	0.0	1.0	0.0
798	0.0	1.0	0.0
751	0.0	1.0	0.0
882	0.0	1.0	0.0
918	0.0	0.0	1.0
n70	1.8043072046565671e-06	5.841335254287156e-07	0.9999976115592699
n7272	0.034281506643743416	0.9599975583712052	0.005720934985051402
n86	5.308983880571094e-05	0.9998082480522599	0.0001386621089344611
945	0.0	0.0	1.0
959	0.0	0.0	1.0
900	0.0	0.0	1.0
916	0.0	0.0	1.0
n106	3.7080732169880223e-07	0.9999993592697325	2.6992294576930514e-07
n108	4.75416790950972e-07	0.999999178510856	3.460723530569421e-07
n109	1.0319000022729974e-07	0.9999998216951425	7.511485729699018e-08
n114	7.305328519299905e-07	0.9999987922991058	4.771680422930902e-07
880	0.0	1.0	0.0
n157157	7.432086223803484e-07	0.9999987157796997	5.410116778375219e-07
767	0.0	1.0	0.0
768	0.0	1.0	0.0
n161161	3.323930235964772e-05	0.9999657762136749	9.844839653517745e-07
429	0.0	1.0	0.0
870	0.0	1.0	0.0
n169169	4.271887714481755e-07	0.9999954483945026	4.124416725922943e-06
n182	2.1471010893533885e-07	0.9999996289954529	1.562944381177768e-07
n183183	4.2750087902738203e-07	0.9999992613073936	3.111917273666484e-07
n185	2.6214121920946025e-07	0.9999995470377022	1.9082107855572194e-07
769	0.0	1.0	0.0
875	0.0	1.0	0.0
n190	1.5984888472861717e-06	0.9999972379171107	1.1635940420726752e-06
n191	3.8020811453099164e-07	0.9999993430259212	2.7676596435852076e-07
n199	3.298288324339833e-07	0.9999994300778084	2.4009335911084727e-07
n201201	8.524033410654309e-07	0.9999985270998784	6.204967805644289e-07
n202	6.418299623289152e-08	0.999999889095749	4.672125471820747e-08
741	0.0	1.0	0.0
n211	1.774022457097106e-07	0.9999996934607603	1.2913699389830155e-07
n221	5.519116972560023e-07	1.1685796078114265e-07	0.9999993312303419
n225	3.0897352501613854e-07	1.0000134441613788e-07	0.9999995910251306
n230	8.67251053273394e-07	2.807260343869825e-07	0.9999988520229124
1024	0.0	0.0	1.0
n232	9.435285807337367e-07	3.054167945953023e-07	0.9999987510546247
n241	1.412424918852437e-06	4.5719684610612035e-07	0.999998130378235
970	0.0	0.0	1.0
n243	6.816597706021057e-07	2.2065080633801744e-07	0.9999990976894232
1015	0.0	0.0	1.0
1018	0.0	0.0	1.0
n247	4.73083849299147e-07	1.5313553375923195e-07	0.999999373780617
n292292	8.098121572488991e-07	2.6213327115001524e-07	0.9999989280545717
912	0.0	0.0	1.0
n296	5.470474446250984e-07	1.7707578345839475e-07	0.9999992758767718
1006	0.0	0.0	1.0
1038	0.0	0.0	1.0
n298	2.1276436901042414e-06	6.366924652362986e-07	0.9999972356638447
n300300	2.1748930669890534e-06	6.197729858347468e-07	0.9999972053339472
n672	3.395718277670096e-07	1.0991817442442234e-07	0.9999995505099979
n737	8.503280651501686e-07	2.7524812415874007e-07	0.9999988744238106
1001	0.0	0.0	1.0
905	0.0	0.0	1.0
7	0.0	0.0	1.0
1026	0.0	0.0	1.0
n743743	1.6100066756960284e-06	5.211533473482468e-07	0.999997868839977
995	0.0	0.0	1.0
931	0.0	0.0	1.0
967	0.0	0.0	1.0
n753753	3.5147516896012065e-07	1.1377124273978391e-07	0.9999995347535883
17	0.0	0.0	1.0
9	0.0	0.0	1.0
1091	0.0	0.0	1.0
n7070	3.8249673355898835e-06	1.2381340941054915e-06	0.9999949368985703
15	0.0	0.0	1.0
n73	0.991726527723484	0.008175571636493451	9.790064002254697e-05
819	0.0	1.0	0.0
n8686	2.1518196157363355e-06	0.9999934981498488	4.350030535469575e-06
440	0.0	1.0	0.0
n106106	7.289910006116515e-08	0.9999998740352845	5.3065615516046955e-08
810	0.0	1.0	0.0
842	0.0	1.0	0.0
789	0.0	1.0	0.0
n109109	1.7088737897607694e-07	0.999999704718168	1.243944530073773e-07
n112112	7.169906762546711e-07	0.9999987610886178	5.219207058940424e-07
n114114	4.7527157745355536e-05	0.9999231391514639	2.9333690790656534e-05
879	0.0	1.0	0.0
884	0.0	1.0	0.0
756	0.0	1.0	0.0
n162	0.0023408079849754704	0.9976191399675455	4.005204747908509e-05
n166	2.874071732519243e-07	0.9999995199616876	1.9263113911710543e-07
n170	3.1632845353891537e-07	0.9999994185393278	2.651322187027719e-07
n172172	1.1690018468005386e-07	0.9999997782681241	1.048316911351117e-07
n182182	1.332073605860397e-07	0.9999997698266899	9.696594948026158e-08
n183	2.6519264360589417e-07	0.9999995417650472	1.930423091433964e-07
n184	2.393684808813962e-07	0.9999995863874539	1.7424406520929984e-07
861	0.0	1.0	0.0
765	0.0	1.0	0.0
723	0.0	1.0	0.0
868	0.0	1.0	0.0
845	0.0	1.0	0.0
n191191	1.1311651104729319e-06	0.9999980454231885	8.234117010384425e-07
n194194	7.681538111654613e-07	0.9999986726821649	5.591640239527112e-07
n199199	3.384367416745541e-07	0.9999994152041971	2.463590612849396e-07
849	0.0	1.0	0.0
871	0.0	1.0	0.0
781	0.0	1.0	0.0
n202202	1.4061835052531006e-07	0.9999997570209981	1.0236065130809289e-07
n209209	1.8925361264647617e-06	0.9999967298255392	1.3776383343574834e-06
n211211	5.897803855357983e-08	0.9999998980899377	4.293202370442253e-08
740	0.0	1.0	0.0
n221221	1.0522061496073722e-06	3.3931878490526136e-07	0.9999986084750655
n222222	3.5621015991452184e-05	4.074884705381626e-07	0.999963971495538
n225225	5.325662816220268e-07	1.7238965207407645e-07	0.9999992950440664
n226226	3.9547424021267627e-07	1.2801348655626595e-07	0.9999994765122732
n230230	5.529959450516359e-07	1.7900279059965775e-07	0.9999992680012644
n231	5.529959450516359e-07	1.7900279059965775e-07	0.9999992680012644
1016	0.0	0.0	1.0
n232232	2.3505941447696784e-06	7.608788368994272e-07	0.9999968885270183
974	0.0	0.0	1.0
1008	0.0	0.0	1.0
n243243	4.7545683768797944e-07	1.5390366153207488e-07	0.9999993706395008
n245	1.0028372368447035e-06	3.2461479242074743e-07	0.9999986725479707
n247247	1.1894544180369538e-06	3.8502210011653097e-07	0.9999984255234818
n248	1.5516346121406715e-06	5.022585211511147e-07	0.9999979461068667
923	0.0	0.0	1.0
n293	7.987980350222919e-07	2.585680395561707e-07	0.9999989426339255
903	0.0	0.0	1.0
985	0.0	0.0	1.0
972	0.0	0.0	1.0
n298298	2.0930369406257522e-06	6.772669751537345e-07	0.9999972296960842
1048	0.0	0.0	1.0
n301	7.045171865437846e-07	1.5848191030247408e-07	0.9999991370009031
n672672	1.4143690128373854e-06	4.5782614230767926e-07	0.9999981278048449
n675	6.245127110663871e-07	2.0215250951788898e-07	0.9999991733347795
n737737	4.687203201240013e-07	1.517230751209403e-07	0.9999993795566048
969	0.0	0.0	1.0
n744	7.620452440626059e-07	2.4667129383320636e-07	0.9999989912834621
5	0.0	0.0	1.0
1090	0.0	0.0	1.0
1092	0.0	0.0	1.0
1032	0.0	0.0	1.0
n71	2.6995476059485362e-06	8.738338389755008e-07	0.999996426618555
n7373	0.9998472349711381	0.0001491833995891228	3.5816292727610456e-06
n83	0.9997138945749099	0.0002793705824220072	6.7348426681845385e-06
815	0.0	1.0	0.0
n87	2.2746699437248463e-07	0.9999996022017348	1.7033127085773446e-07
n107	8.136766989358886e-08	0.9999998594021695	5.923016066066941e-08
n107107	1.6643656393760449e-07	0.9999997124088739	1.2115456218100268e-07
n110	7.839484814721875e-07	0.9999986453900438	5.706614747736528e-07
n112	6.806209920271464e-07	0.9999988239329572	4.954460506972437e-07
n113	4.3096575168283227e-07	0.9999992553203281	3.137139202954298e-07
843	0.0	1.0	0.0
316	0.01677930491427313	0.9710115781069202	0.012209116978806719
n115	2.1240675834710966e-05	0.999978099081749	6.602424164128756e-07
n162162	0.9970978380144903	0.002852592880019637	4.9569105490215764e-05
n165165	3.1242310568850087e-05	0.9999666227621721	2.1349272590988733e-06
813	0.0	1.0	0.0
812	0.0	1.0	0.0
715	0.0	1.0	0.0
n170170	1.0142443962752083e-06	0.9999982468717638	7.388838400347156e-07
n173	5.916094738522886e-08	0.9999998977212535	4.311779909883381e-08
734	0.0	1.0	0.0
835	0.0	1.0	0.0
893	0.0	1.0	0.0
735	0.0	1.0	0.0
860	0.0	1.0	0.0
797	0.0	1.0	0.0
859	0.0	1.0	0.0
n192	4.2415798140087347e-07	0.9999992670836946	3.0875832398056343e-07
779	0.0	1.0	0.0
n195	9.763034107001458e-08	0.9999998313013736	7.106828540700752e-08
754	0.0	1.0	0.0
876	0.0	1.0	0.0
n200	4.571720003676028e-07	0.9999992100377026	3.327902970006724e-07
n203	1.7904537617062054e-06	0.999996906216991	1.3033292473160263e-06
n207207	1.8083702192566417e-07	0.9999996875258563	1.3163712168243654e-07
885	0.0	1.0	0.0
n210	5.132329581014598e-07	0.9999991131681591	3.7359888276828877e-07
737	0.0	1.0	0.0
736	0.0	1.0	0.0
47	0.0	0.0	1.0
n222	5.046946069381903e-07	1.633600625202368e-07	0.9999993319453305
n223	0.003677484241758983	1.7050302151944365e-05	0.996305465456089
23	0.0	0.0	1.0
n226	4.2864350714528613e-07	1.387503548516069e-07	0.9999994326061379
1098	0.0	0.0	1.0
1088	0.0	0.0	1.0
1104	0.0	0.0	1.0
1010	0.0	0.0	1.0
1042	0.0	0.0	1.0
1011	0.0	0.0	1.0
1041	0.0	0.0	1.0
1022	0.0	0.0	1.0
n233	9.005146945547113e-07	2.914933549580372e-07	0.9999988079919506
n244	9.994633158543879e-07	3.235226663790766e-07	0.9999986770140178
940	0.0	0.0	1.0
943	0.0	0.0	1.0
1002	0.0	0.0	1.0
907	0.0	0.0	1.0
999	0.0	0.0	1.0
993	0.0	0.0	1.0
n248248	3.490550485025643e-06	1.1298785879709057e-06	0.999995379570927
n293293	3.358023912742959e-07	1.0869802150633204e-07	0.9999995554995873
987	0.0	0.0	1.0
n299	1.0024358933550178e-06	3.244802596499334e-07	0.999998673083847
1073	0.0	0.0	1.0
n301301	2.439202444844102e-05	6.018612983826222e-07	0.9999750061142532
n515	3.6454655472130754e-07	9.980307095918962e-08	0.9999995356503742
997	0.0	0.0	1.0
n673	9.901080930747878e-07	3.204944145460867e-07	0.9999986893974924
n675675	1.248481618605866e-06	4.0412899179929623e-07	0.9999983473893895
953	0.0	0.0	1.0
934	0.0	0.0	1.0
909	0.0	0.0	1.0
n744744	1.0292346571831218e-06	3.331595420658245e-07	0.9999986376058008
n745745	2.124894497239731e-06	6.878206759730442e-07	0.9999971872848268
1063	0.0	0.0	1.0
1033	0.0	0.0	1.0
n74	0.999980011741908	1.0189879128876732e-05	9.798378963085596e-06
n7474	0.9999978415966584	1.6406089437413653e-06	5.177943977516466e-07
n8383	0.9999962761057294	2.9256854054648645e-06	7.982088652649358e-07
326	1.0	0.0	0.0
n8787	8.510752953595064e-08	0.9999998529455788	6.19468917539973e-08
310	0.0	1.0	0.0
788	0.0	1.0	0.0
847	0.0	1.0	0.0
825	0.0	1.0	0.0
841	0.0	1.0	0.0
n110110	1.142603470484331e-06	0.9999980256584791	8.317380504163183e-07
n111	6.16651079511099e-07	0.9999989344686396	4.4888028078732527e-07
837	0.0	1.0	0.0
867	0.0	1.0	0.0
833	0.0	1.0	0.0
n113113	4.689845055222616e-07	0.9999991896264926	3.4138900184954926e-07
n115115	0.0008393854662502377	0.9991550962254587	5.518308290976398e-06
839	0.0	1.0	0.0
n163	0.999973597648758	2.537647712994912e-05	1.0258741119693962e-06
n164164	0.9999722403197733	2.6680867250870685e-05	1.07881297596464e-06
858	0.0	1.0	0.0
731	0.0	1.0	0.0
n171	1.0265067859385472e-06	0.9999982262650218	7.472281922554632e-07
805	0.0	1.0	0.0
n173173	5.9484600657272644e-08	0.9999998972144917	4.3300907728769776e-08
783	0.0	1.0	0.0
n192192	7.747690999385426e-08	0.9999998661251395	5.639795058846754e-08
748	0.0	1.0	0.0
n195195	1.8063369049338924e-07	0.9999996878771994	1.3148911013446526e-07
854	0.0	1.0	0.0
844	0.0	1.0	0.0
832	0.0	1.0	0.0
733	0.0	1.0	0.0
n203203	2.187577726443781e-07	0.9999996220013638	1.5924086354787274e-07
n208	9.364362377666164e-07	0.9999983819015138	6.816622484173269e-07
n209	2.5623410352565496e-07	0.9999995572447986	1.8652109784538554e-07
824	0.0	1.0	0.0
888	0.0	1.0	0.0
1102	0.0	0.0	1.0
1105	0.0	0.0	1.0
n223223	0.9934279824670726	3.035972010204354e-05	0.006541657812825347
n224	2.858915566231833e-05	3.4567101795193007e-07	0.9999710651733197
1101	0.0	0.0	1.0
1097	0.0	0.0	1.0
n233233	4.150777155981197e-07	1.3435915773461368e-07	0.9999994505631267
n238	5.481154133454263e-07	1.7742298010947403e-07	0.9999992744616066
n244244	4.874313324253301e-07	1.5777976223984144e-07	0.9999993547889053
988	0.0	0.0	1.0
n249	5.243368555032848e-06	1.6972594679798878e-06	0.9999930593719769
589	0.0	0.0	1.0
976	0.0	0.0	1.0
927	0.0	0.0	1.0
n299299	7.726933944984614e-07	2.5011799183513577e-07	0.9999989771886137
1087	0.0	0.0	1.0
1081	0.0	0.0	1.0
n302	0.0010296569226229968	7.161144272360545e-07	0.9989696269629497
n515515	9.844216885350822e-06	2.396849349664233e-07	0.9999899160981797
n537	4.929371909459108e-07	1.149013702102636e-07	0.9999993921614388
991	0.0	0.0	1.0
n673673	3.187801665510467e-07	1.0318798882898287e-07	0.9999995780318447
928	0.0	0.0	1.0
n676	4.591017473968322e-06	1.4860957786144078e-06	0.9999939228867474
n745	8.173551207577821e-07	2.6457490120095124e-07	0.9999989180699781
1119	0.0	0.0	1.0
21	0.0	0.0	1.0
1107	0.0	0.0	1.0
340	1.0	0.0	0.0
262	1.0	0.0	0.0
